 26191.252899     -4679.766132     -2631.595574
 26021.266212     -4419.252006     -4462.819795
 25731.178622     -4113.982726     -6260.685361
 25327.559869     -3755.535072     -8011.911872
 24818.247573     -3336.388036     -9703.645163
 24212.208767     -2850.066489    -11323.539004
 23519.385966     -2291.266560    -12859.831599
 22750.530338     -1655.961072    -14301.416819
 21917.024680      -941.483761    -15637.910145
 21030.698935      -146.591267    -16859.709351
 20103.641037       728.497772    -17958.049964
 19148.005887      1682.086856    -18925.055550
 18175.825202      2711.009071    -19753.782901
 17198.820969      3810.657584    -20438.262143
 16228.225129      4975.038674    -20973.531812
 15274.608045      6196.846474    -21355.668904
 14347.718168      7467.558379    -21581.813873
 13456.335195      8777.549782    -21650.190512
 12608.138830     10116.226576    -21560.120650
 11809.595105     11472.173632    -21312.033513
 11065.861992     12833.317242    -20907.469597
 10380.715825     14187.099311    -20349.078851
  9756.499814     15520.660894    -19640.612940
  9194.095645     16821.032524    -18786.911343
  8692.918899     18075.328605    -17793.880995
  8250.938682     19270.943026    -16668.469213
  7864.721567     20395.743082    -15418.629616
  7529.499560     21438.258679    -14053.280776
  7239.261457     22387.863810    -12582.257370
  6986.866591     23234.947277    -11016.253635
  6764.179550     23971.069708     -9366.758999
  6562.224080     24589.104005     -7645.985838
  6371.353993     25083.356529     -5866.789394
  6181.438522     25449.666552     -4042.580009
  5982.059210     25685.481756     -2187.227962
  5762.715103     25789.907915      -314.961322
  5513.032719     25763.731278      1559.742600
  5222.977057     25609.412623      3422.271471
  4883.059731     25331.052431      5257.996924
  4484.540214     24934.327208      7052.397258
  4019.616201     24426.397508      8791.182631
  3481.599142     23815.788839     10460.421392
  2865.071210     23112.247205     12046.666074
  2166.020234     22326.571647     13537.077480
  1381.949492     21470.426672     14919.545206
   511.959749     20556.137999     16182.802967
  -443.198556     19596.475463     17316.537041
 -1481.104406     18604.427307     18311.486248
 -2597.677391     17592.970331     19159.531958
 -3787.221041     16574.840536     19853.776758
 -5042.497645     15562.308941     20388.610585
 -6354.833201     14566.967144     20759.763355
 -7714.250419     13599.527034     20964.343327
 -9109.627080     12669.638707     21000.860733
-10528.876505     11785.730222     20869.236433
-11959.146380     10954.872344     20570.795663
-13387.031830     10182.670792     20108.247175
-14798.798379      9473.187898     19485.648341
-16180.610262      8828.894873     18708.357002
-17518.759556      8250.655225     17782.971047
-18799.891648      7737.739142     16717.256876
-20011.222772      7287.868042     15520.068014
-21140.745620      6897.287844     14201.255257
-22177.419375      6560.868995     12771.569744
-23111.340972      6272.230779     11242.560407
-23933.894845      6023.887057      9626.467194
-24637.878934      5807.410247      7936.111438
-25217.605258      5613.610124      6184.784655
-25668.973880      5432.723894      4386.136965
-25989.519623      5254.613880      2554.066219
-26178.431391      5068.969202       702.608802
-26236.544415      4865.507879     -1154.167053
-26166.306202      4634.175926     -3002.264732
-25971.717337      4365.340179     -4827.858885
-25658.248651      4049.971826     -6617.390780
-25232.736582      3679.817866     -8357.659007
-24703.258808      3247.557984    -10035.905249
-24078.992442      2746.944671    -11639.894946
-23370.057279      2172.924678    -13157.992738
-22587.346681      1521.740260    -14579.232630
-21742.348815       791.008961    -15893.382875
-20846.961000       -20.218993    -17091.005602
-19913.299949      -911.426271    -18163.511229
-18953.510692     -1880.617311    -19103.207720
-17979.576941     -2924.330457    -19903.344744
-17003.135592     -4037.673069    -20558.152769
-16035.297987     -5214.379023    -21062.877129
-15086.480453     -6446.887732    -21413.807056
-14166.246521     -7726.443584    -21608.299654
-13283.163078     -9043.214400    -21644.798750
-12444.672530    -10386.427331    -21522.848521
-11656.982895    -11744.520325    -21243.101769
-10924.977513    -13105.307135    -20807.322665
-10252.145849    -14456.153598    -20218.383757
 -9640.536603    -15784.162760    -19480.257019
 -9090.734088    -17076.366247    -18597.998664
 -8601.858526    -18319.919135    -17577.727464
 -8171.590605    -19502.295458    -16426.596282
 -7796.220317    -20611.481419    -15152.756551
 -7470.719723    -21636.163265    -13765.315435
 -7188.838939    -22565.906833    -12274.285443
 -6943.224246    -23391.325731    -10690.526318
 -6725.556858    -24104.235220     -9025.679085
 -6526.710449    -24697.788979     -7292.092222
 -6336.925204    -25166.596076     -5502.740016
 -6145.995758    -25506.815745     -3671.133279
 -5943.470030    -25716.227793     -1811.222744
 -5718.855680    -25794.276866        62.704425
 -5461.830596    -25742.089167      1936.134387
 -5162.453641    -25562.460691      3794.441880
 -4811.371714    -25259.816548      5623.010046
 -4400.019123    -24840.141489      7407.353737
 -3920.805252    -24310.882332      9133.245051
 -3367.286639    -23680.823581     10786.839717
 -2734.319750    -22959.938104     12354.802832
 -2018.191069    -22159.215360     13824.432364
 -1216.721464    -21290.470162     15183.778765
  -329.342338    -20366.135506     16421.759040
   642.858413    -19399.043386     17528.263613
  1697.121956    -18402.197882     18494.254420
  2829.036217    -17388.545037     19311.852734
  4032.585669    -16370.744175     19974.415402
  5300.232379    -15360.945324     20476.598328
  6623.026821    -14370.577301     20814.406282
  7990.746246    -13410.150792     20985.228336
  9392.057799    -12489.080409     20987.858475
 10814.703020    -11615.529272     20822.501252
 12245.699890    -10796.279128     20490.762553
 13671.558274    -10036.628427     19995.625863
 15078.504332     -9340.320090     19341.414630
 16452.709366     -8709.500068     18533.741560
 17780.518571     -8144.707052     17579.445857
 19048.675235     -7644.893053     16486.519604
 20244.536189     -7207.473892     15264.024559
 21356.274537     -6828.408068     13922.000754
 22373.066149     -6502.301906     12471.368334
 23285.256775     -6222.538450     10923.824030
 24084.507149     -5981.427153      9291.733712
 24763.913976     -5770.371144      7588.022331
 25318.105199     -5580.048603      5826.062556
 25743.308488     -5400.604662      4019.563249
 26037.392407     -5221.850199      2182.458858
 26199.880216     -5033.463886       328.800663
 26231.936722     -4825.193953     -1527.349320
 26136.329029     -4587.056274     -3372.021073