 10310.902408     14276.202121    -20072.654604
  8771.464683     14320.590225    -20740.154557
  7188.928949     14420.954462    -21251.156150
  5577.117609     14579.687851    -21601.494516
  3950.201562     14797.613035    -21788.190572
  2322.486402     15073.955020    -21809.482585
   708.195165     15406.341787    -21664.849550
  -878.748834     15790.833116    -21355.025916
 -2424.935453     16221.977493    -20882.007229
 -3917.673844     16692.896497    -20249.046327
 -5345.187665     17195.395587    -19460.639747
 -6696.795910     17720.099705    -18522.504118
 -7963.076073     18256.611659    -17441.542371
 -9136.006600     18793.690778    -16225.799706
-10209.085897     19319.448927    -14884.409360
-11177.425524     19821.560577    -13427.528341
-12037.815657     20287.483291    -11866.263433
-12788.761342     20704.684743    -10212.587885
-13430.488653     21060.872151     -8479.249342
-13964.920348     21344.219927     -6679.669739
-14395.621275     21543.591284     -4827.837957
-14727.714311     21648.749594     -2938.196212
-14967.768246     21650.555461     -1025.521247
-15123.659568     21541.145667       895.198521
-15204.410657     21314.090502      2808.888631
-15220.007371     20964.526375      4700.515683
-15181.199460     20489.261076      6555.214559
-15099.287585     19886.849595      8358.414389
-14985.900990     19157.639000     10095.961896
-14852.770112     18303.781466     11754.240800
-14711.498438     17329.215226     13320.285978
-14573.337992     16239.613815     14781.891221
-14448.972697     15042.304651     16127.709450
-14348.313679     13746.158558     17347.344446
-14280.310332     12361.452424     18431.433212
-14252.780576     10899.707696     19371.718284
-14272.263360      9373.507822     20161.109424
-14343.895974      7796.298160     20793.734275
-14471.318205      6182.172118     21264.977756
-14656.604854      4545.647531     21571.510056
-14900.227558      2901.437357     21711.303290
-15201.046271      1264.218830     21683.636975
-15556.330253      -351.594836     21489.092606
-15961.807827     -1932.076257     21129.537738
-16411.743697     -3463.995432     20608.100043
-16899.042129     -4935.017548     19929.131920
-17415.373903     -6333.883846     19098.166253
-17951.324539     -7650.572734     18121.863997
-18496.561036     -8876.438715     17007.954291
-19040.014054    -10004.327119     15765.167786
-19570.072337    -11028.663078     14403.163930
-20074.785964    -11945.513630     12932.452911
-20542.075021    -12752.622286     11364.312954
-20959.940181    -13449.415849      9710.703657
-21316.671782    -14036.983703      7984.176023
-21601.054011    -14518.030212      6197.779796
-21802.560982    -14896.801287      4364.968718
-21911.541617    -15178.986508      2499.504253
-21919.390484    -15371.598593       615.358324
-21818.701950    -15482.832269     -1273.384447
-21603.405311    -15521.904907     -3152.624497
-21268.878834    -15498.881540     -5008.344634
-20812.040977    -15424.487054     -6826.706455
-20231.417382    -15309.908559     -8594.145447
-19527.182598    -15166.591046    -10297.464334
-18701.175865    -15006.029553    -11923.924285
-17756.890628    -14839.561096    -13461.333525
-16699.437882    -14678.159654    -14898.132963
-15535.483789    -14532.237448    -16223.478373
-14273.162400    -14411.455693    -17427.318712
-12921.964698    -14324.547890    -18500.470102
-11492.605520    -14279.158554    -19434.685006
 -9996.870298    -14281.700099    -20222.716128
 -8447.443840    -14337.230334    -20858.374524
 -6857.723742    -14449.352756    -21336.581426
 -5241.621238    -14620.141516    -21653.413275
 -3613.352586    -14850.092546    -21806.139445
 -1987.224275    -15138.101979    -21793.252159
  -377.415494    -15481.472540    -21614.488126
  1202.238561    -15875.948165    -21270.841427
  2738.458934    -16315.776620    -20764.567242
  4218.727079    -16793.799414    -20099.176049
  5631.477396    -17301.567828    -19279.417989
  6966.274693    -17829.483379    -18311.257171
  8213.973338    -18366.960587    -17201.835774
  9366.855104    -18902.609448    -15959.427903
 10418.743061    -19424.434616    -14593.383273
 11365.089210    -19920.047920    -13114.060914
 12203.034047    -20376.890517    -11532.753212
 12931.436699    -20782.460746     -9861.600747
 13550.874818    -21124.543542     -8113.498510
 14063.613994    -21391.437191     -6301.994224
 14473.547014    -21572.173168     -4441.179637
 14786.103911    -21656.724888     -2545.575747
 15008.134305    -21636.201353      -630.013057
 15147.764118    -21503.021932      1290.491947
 15214.229276    -21251.068853      3200.862843
 15217.689477    -20875.814389      5086.090515
 15169.025530    -20374.420223      6931.360224
 15079.624113    -19745.807017      8722.177148
 14961.154059    -18990.692792     10444.489022
 14825.338445    -18111.599369     12084.804560
 14683.726850    -17112.826755     13630.306399
 14547.472111    -16000.395977     15068.957379
 14427.115813    -14781.961548     16389.599096
 14332.386533    -13466.695268     17582.041760
 14272.014576    -12065.143693     18637.144543
 14253.566571    -10589.062024     19546.885745
 14283.302876     -9051.227662     20304.422237
 14366.060252     -7465.236964     20904.137817
 14505.161748     -5845.289055     21341.680253
 14702.355171     -4205.960697     21613.986943
 14957.780992     -2561.976333     21719.299244
 15269.969920      -927.977434     21657.165678
 15635.869877       681.704776     21428.434308
 16050.901528      2253.269329     21035.234715
 16509.041069      3773.654508     20480.950065
 17002.928470      5230.732426     19770.179831
 17523.999012      6613.486049     18908.693826
 18062.635552      7912.165937     17903.378185
 18608.338688      9118.424348     16762.174019
 19149.911725     10225.424792     15494.009447
 19675.657188     11227.925563     14108.725718
 20173.581474     12122.336227     12616.998138
 20631.604192     12906.746486     11030.252503
 21037.768716     13580.927316      9360.577698
 21380.450530     14146.304662      7620.635119
 21648.560005     14605.906437      5823.565544
 21831.736421     14964.283935      3982.894018
 21920.530188     15227.409153      2112.433340
 21906.570466     15402.549842       226.186650
 21782.715589     15498.124438     -1661.750366
 21543.184029     15523.539267     -3537.287177
 21183.663872     15489.010689     -5386.435574
 20701.399171     15405.375030     -7195.405851
 20095.251819     15283.889310     -8950.701573
 19365.737990     15136.025923    -10639.212527
 18515.038538     14973.264485    -12248.305421
 17546.983118     14806.884126    -13765.911917
 16467.008198     14647.759503    -15180.613587
 15282.089481     14506.163769    -16481.723332
 14000.649650     14391.581658    -17659.362848
 12632.442732     14312.535712    -18704.535652
 11188.416703     14276.428528    -19609.195216
  9680.556347     14289.403684    -20366.307713