 -1394.191189     15357.465624     21656.284457
 -3025.918454     15473.726659     21381.905192
 -4627.780826     15642.762857     20943.992988
 -6186.081295     15860.130619     20345.551809
 -7687.774394     16119.931112     19590.833452
 -9120.668005     16414.909989     18685.315224
-10473.611945     16736.582621     17635.667410
-11736.669910     17075.382937     16449.710485
-12901.271579     17420.833488     15136.362134
-13960.341970     17761.733930     13705.574234
-14908.405532     18086.364709     12168.260114
-15741.662841     18382.702389     10536.212511
-16458.038307     18638.642791      8822.012786
-17057.197753     18842.227883      7038.932100
-17540.535368     18981.872238      5200.825351
-17911.130054     19046.584820      3322.018841
-18173.671820     19026.181905      1417.192696
-18334.359475     18911.487056      -498.740786
-18400.771413     18694.514307     -2410.761658
-18381.711875     18368.631006     -4303.868411
-18287.035537     17928.697139     -6163.204304
-18127.453724     17371.178440     -7974.182609
-17914.325940     16694.231073     -9722.609404
-17659.440672     15897.756261    -11394.802649
-17374.789647     14983.423843    -12977.706262
-17072.339833     13954.664321    -14458.998034
-16763.807504     12816.629630    -15827.190307
-16460.438606     11576.123455    -17071.722425
-16172.799509     10241.502507    -18183.044144
-15910.581989      8822.550738    -19152.689260
-15682.425955      7330.328948    -19973.338912
-15495.763052      5777.002720    -20638.874133
-15356.683826      4175.651948    -21144.417368
-15269.830650      2540.065542    -21486.362841
-15238.318092       884.525116    -21662.395760
-15263.681851      -776.418420    -21671.500509
-15345.856876     -2428.171351    -21513.958053
-15483.184695     -4056.322780    -21191.332929
-15672.449494     -5646.865483    -20706.450253
-15908.941975     -7186.408281    -20063.363255
-16186.549535     -8662.376442    -19267.311931
-16497.870921    -10063.196872    -18324.673422
-16834.353092    -11378.465204    -17242.904790
-17186.447741    -12599.092249    -16030.478861
-17543.784595    -13717.427641    -14696.813819
-17895.358446    -14727.358947    -13252.197243
-18229.726661    -15624.384923    -11707.705271
-18535.213829    -16405.662020    -10075.117529
-18800.120139    -17070.023705     -8366.828501
-19012.930065    -17617.972554     -6595.755929
-19162.518014    -18051.645515     -4775.246847
-19238.347630    -18374.753133     -2918.981821
-19230.661628    -18592.493899     -1040.877918
-19130.659178    -18711.445258       845.009068
-18930.658078    -18739.433134      2724.582646
-18624.239191    -18685.382128      4583.803436
-18206.370908    -18559.148827      6408.786300
-17673.511685    -18371.340886      8185.896348
-17023.689037    -18133.124760      9901.843371
-16256.553702    -17856.025104     11543.774268
-15373.408062    -17551.719022     13099.363025
-14377.208283    -17231.828386     14556.897795
-13272.539994    -16907.713529     15905.364632
-12065.567754    -16590.271591     17134.527411
-10763.958916    -16289.742769     18235.003450
 -9376.782899    -16015.527626     19198.334363
 -7914.387272    -15776.018481     20017.051614
 -6388.252398    -15578.447741     20684.736294
 -4810.826779    -15428.755779     21196.072573
 -3195.345551    -15331.480737     21546.894325
 -1555.634888    -15289.672280     21734.224406
    94.094631    -15304.831017     21756.306075
  1739.462438    -15376.874873     21612.626078
  3366.136687    -15504.133325     21303.928937
  4960.053682    -15683.369903     20832.222036
  6507.634298    -15909.832944     20200.771125
  7995.993721    -16177.334046     19414.085966
  9413.140797    -16478.353210     18477.895886
 10748.163453    -16804.169139     17399.115106
 11991.396779    -17145.012681     16185.797819
 13134.570650    -17490.240966     14847.083094
 14170.934038    -17828.529307     13393.129801
 15095.353588    -18148.077603     11835.041890
 15904.384419    -18436.827610     10184.784471
 16596.311657    -18682.687194      8455.091292
 17171.161696    -18873.757478      6659.364331
 17630.682778    -18998.558680      4811.566341
 17978.295055    -19046.250398      2926.107336
 18219.010918    -19006.842179      1017.726059
 18359.326936    -18871.390317      -898.632369
 18407.089348    -18632.177099     -2807.941409
 18371.335579    -18282.869017     -4695.219352
 18262.114728    -17818.650863     -6545.655534
 18090.290432    -17236.333105     -8344.735173
 17867.329830    -16534.430454    -10078.361503
 17605.082658    -15713.210113    -11732.973898
 17315.554687    -14774.708816    -13295.660761
 17010.679794    -13722.718347    -14754.266012
 16702.094989    -12562.739916    -16097.488128
 16400.922599    -11301.908314    -17314.970771
 16117.563668     -9948.887403    -18397.384207
 15861.506338     -8513.739009    -19336.496826
 15641.152656     -7007.767790    -20125.236228
 15463.666859     -5443.345070    -20757.739489
 15334.847711     -3833.714999    -21229.392359
 15259.027000     -2192.786653    -21536.857294
 15238.995744      -534.915932    -21678.090348
 15275.959154      1125.318817    -21652.347084
 15369.520811      2773.343432    -21460.177785
 15517.696015      4394.812879    -21103.412313
 15716.953715      5975.830649    -20585.135093
 15962.285952      7503.158928    -19909.650753
 16247.303280      8964.416090    -19082.440987
 16564.354214     10348.258366    -18110.113300
 16904.666394     11644.542854    -17000.342275
 17258.506817     12844.469396    -15761.804058
 17615.358245     13940.699270    -14404.104733
 17964.108678     14927.449038    -12937.703292
 18293.250618     15800.558306    -11373.829851
 18591.086768     16557.530631     -9724.399796
 18845.938754     17197.547174     -8001.924473
 19046.355456     17721.453197     -6219.419051
 19181.317605     18131.717850     -4390.308136
 19240.435374     18432.368128     -2528.329699
 19214.135879     18628.898252      -647.437851
 19093.837623     18728.156059      1238.295024
 18872.109190     18738.208337      3114.776296
 18542.809728     18668.187317      4967.990785
 18101.209010     18528.120805      6784.097704
 17544.085218     18328.748673      8549.526365
 16869.798886     18081.328609     10251.070233
 16078.341791     17797.434189     11875.978877
 15171.359964     17488.748455     13412.047382
 14152.150342     17166.856252     14847.702770
 13025.630987     16843.038610     16172.086976
 11798.285185     16528.072470     17375.135906
 10478.080113     16232.038964     18447.654113
  9074.361179     15964.143400     19381.384577
  7597.723507     15732.549938     20169.073104
  6059.862392     15544.233760     20804.526819
  4473.404942     15404.853310     21282.666239
  2851.725409     15318.644900     21599.570409
  1208.747051     15288.341662     21752.514577
  -441.266398     15315.118450     21739.999916
 -2083.926319     15398.563939     21561.774811