 19035.175824     12943.101514    -12833.354811
 19473.409265     13781.886610    -11210.003573
 19864.631838     14502.753452     -9498.880268
 20196.337222     15106.182701     -7713.437074
 20456.523029     15594.450630     -5867.697655
 20633.914643     15971.560711     -3976.138567
 20718.176255     16243.144863     -2053.567506
 20700.105216     16416.336446      -114.999691
 20571.806228     16499.617563      1824.466350
 20326.842301     16502.643740      3749.772354
 19960.359884     16436.049406      5646.022063
 19469.186114     16311.237928      7498.599999
 18851.896665     16140.160174      9293.286244
 18108.853251     15935.085731     11016.366268
 17242.210407     15708.370955     12654.734948
 16255.891729     15472.228023     14195.994039
 15155.536299     15238.499045     15628.542459
 13948.416534     15018.439133     16941.658858
 12643.329154     14822.512102     18125.576040
 11250.461415     14660.202148     19171.546937
  9781.235115     14539.844564     20071.901878
  8248.131208     14468.478126     20820.097050
  6664.498125     14451.721390     21410.754057
  5044.347119     14493.674717     21839.690619
  3402.138081     14596.849368     22103.942468
  1752.559384     14762.124580     22201.776573
   110.305342     14988.733049     22132.695858
 -1510.145154     15274.274822     21897.435629
 -3094.745319     15614.759150     21497.951928
 -4630.089096     16004.673414     20937.402081
 -6103.608499     16437.077866     20220.117697
 -7503.756656     16903.724536     19351.570400
 -8820.173768     17395.198290     18338.330588
-10043.833494     17901.077756     17188.019501
-11167.167545     18410.113504     15909.254887
-12184.166612     18910.420644     14511.590587
-13090.456123     19389.682811     13005.450319
-13883.345660     19835.364313     11402.055979
-14561.851274     20234.927109      9713.350783
-15126.690338     20576.049204      7951.917577
-15580.248963     20846.840996      6130.892660
-15926.522421     21036.056138      4263.875498
-16171.029438     21133.293504      2364.834723
-16320.701588     21129.186982       448.010835
-16383.749453     21015.579928     -1472.183912
-16369.507556     20785.681347     -3381.267964
-16288.260444     20434.201067     -5264.794685
-16151.052634     19957.461498     -7108.457775
-15969.485425     19353.483883     -8898.197229
-15755.503838     18622.047296    -10620.305155
-15521.177170     17764.719106    -12261.530712
-15278.476813     16784.856011    -13809.183381
-15039.055107     15687.575277    -15251.233754
-14814.029045     14479.696244    -16576.410957
-14613.772632     13169.652753    -17774.295844
-14447.721645     11767.377587    -18835.409035
-14324.194373     10284.160577    -19751.292883
-14250.231699      8732.482528    -20514.586482
-14231.459628      7125.827556    -21119.092803
-14271.976961      5478.476927    -21559.837128
-14374.270450      3805.287833    -21833.115986
-14539.159252      2121.460916    -21936.535863
-14765.770003       442.300615    -21869.041066
-15051.543244     -1217.027399    -21630.930194
-15392.271358     -2841.737297    -21223.860840
-15782.167564     -4417.658266    -20650.842225
-16213.964876     -5931.459419    -19916.215649
-16679.043378     -7370.860242    -19025.622788
-17167.583550     -8724.822625    -17985.962015
-17668.742885     -9983.720851    -16805.333089
-18170.852518    -11139.486356    -15492.970709
-18661.630214    -12185.724525    -14059.167596
-19128.405709    -13117.801376    -12515.187879
-19558.354143    -13932.898542    -10873.171706
-19938.733182    -14630.035643     -9146.032124
-20257.119352    -15210.059720     -7347.345336
-20501.639162    -15675.602120     -5491.235542
-20661.190682    -16031.003820     -3592.255608
-20725.651513    -16282.210784     -1665.264836
-20686.069336    -16436.641546       274.694872
-20534.831653    -16503.029694      2212.523200
-20265.811712    -16491.244374      4133.184717
-19874.488169    -16412.092351      6021.830107
-19358.036497    -16277.105398      7863.914225
-18715.390769    -16098.317039      9645.309961
-17947.274970    -15888.032794     11352.416956
-17056.203577    -15658.598098     12972.264374
-16046.451704    -15422.168048     14492.606970
-14923.995639    -15190.483017     15902.013874
-13696.425113    -14974.653995     17189.949544
-12372.829085    -14784.961243     18346.846528
-10963.657272    -14630.669593     19364.169693
 -9480.560001    -14519.863334     20234.471747
 -7936.209270    -14459.303261     20951.439905
 -6344.104181    -14454.308039     21509.933672
 -4718.364068    -14508.661599     21906.013767
 -3073.512820    -14624.547826     22136.962267
 -1424.257957    -14802.513353     22201.294105
   214.731967    -15041.458793     22098.760115
  1829.048060    -15338.658339     21830.341813
  3404.756415    -15689.807153     21398.238164
  4928.604714    -16089.095637     20805.844594
  6388.216910    -16529.309189     20057.724508
  7772.273045    -17001.951761     19159.573601
  9070.671445    -17497.391124     18118.177244
 10274.670870    -18005.023496     16941.361250
 11377.010467    -18513.454872     15637.936294
 12372.005731    -19010.696171     14217.636307
 13255.619016    -19484.369135     12691.051135
 14025.503528    -19921.919722     11069.553779
 14681.020111    -20310.835649      9365.222544
 15223.226541    -20638.864652      7590.758409
 15654.839442    -20894.230002      5759.398007
 15980.169346    -21065.839835      3884.822554
 16205.029848    -21143.486930      1981.063153
 16336.622160    -21118.035646        62.402890
 16383.396806    -20981.592914     -1856.723788
 16354.894549    -20727.660389     -3761.833928
 16261.568986    -20351.265077     -5638.500579
 16114.593594    -19849.066107     -7472.458371
 15925.656270    -19219.435592     -9249.709503
 15706.744701    -18462.511966    -10956.629445
 15469.926066    -17580.224558    -12580.071605
 15227.124760    -16576.288627    -14107.470170
 14989.901918    -15456.170568    -15526.940290
 14769.240562    -14227.023490    -16827.374724
 14575.340172    -12897.593877    -17998.536071
 14417.424389    -11478.100571    -19031.143665
 14303.565396     -9980.087805    -19916.954215
 14240.528303     -8416.254547    -20648.835307
 14233.638539     -6800.262844    -21220.830855
 14286.674911     -5146.528331    -21628.217695
 14401.790541     -3469.996422    -21867.552518
 14579.463417     -1785.908049    -21936.708458
 14818.477757      -109.559076    -21834.900698
 15115.936810      1543.942319    -21562.700620
 15467.307118      3159.915885    -21122.038090
 15866.493667      4724.342739    -20516.191658
 16305.944721      6224.087692    -19749.766561
 16776.784556      7647.106281    -18828.660599
 17268.971731      8982.632632    -17760.018082
 17771.480020     10221.344600    -16552.172248
 18272.498661     11355.503079    -15214.576651
 18759.648163     12379.062880    -13757.726234
 19220.207637     13287.753116    -12193.068869