-17321.940720      1682.900630    -20037.291492
-18228.734377       465.473340    -19320.884882
-19134.171880      -675.283451    -18456.711223
-20026.525506     -1733.470581    -17451.804290
-20893.728997     -2704.752743    -16314.222191
-21723.579339     -3586.396762    -15052.974971
-22503.940003     -4377.282292    -13677.946959
-23222.942266     -5077.885290    -12199.814661
-23869.181338     -5690.234992    -10629.961002
-24431.904193     -6217.845581     -8980.386640
-24901.186210     -6665.624054     -7263.619050
-25268.093962     -7039.756134     -5492.620000
-25524.831756     -7347.572377     -3680.692018
-25664.869833     -7597.396825     -1841.384364
-25683.052429     -7798.380823        11.601022
-25575.684211     -7960.324716      1864.503148
-25340.593953     -8093.490323      3703.594796
-24977.174638     -8208.407134      5515.274203
-24486.399501     -8315.675260      7286.155248
-23870.813866     -8425.768143      9003.155872
-23134.502988     -8548.838051     10653.584423
-22283.036375     -8694.527308     12225.223652
-21323.389464     -8871.788132     13706.412084
-20263.843754     -9088.713832     15086.122479
-19113.866857     -9352.383977     16354.037074
-17883.974166     -9668.725967     17500.619309
-16585.574143    -10042.395222     18517.181684
-15230.799434    -10476.675984     19395.949392
-13832.326296    -10973.404450     20130.119341
-12403.184967    -11532.915661     20713.914147
-10956.563832    -12154.015262     21142.630650
 -9505.610350    -12833.976899     21412.682496
 -8063.231820    -13568.565638     21521.636282
 -6641.899157    -14352.087439     21468.240786
 -5253.456838    -15177.464277     21252.448750
 -3908.942185    -16036.334105     20875.430728
 -2618.417083    -16919.174436     20339.580517
 -1390.815098    -17815.447884     19648.511694
  -233.806793    -18713.767605     18807.044859
   846.314193    -19602.080163     17821.185228
  1844.722028    -20467.862977     16698.090286
  2758.124595    -21298.333162     15446.027312
  3584.802884    -22080.664277     14074.320709
  4324.622781    -22802.207233     12593.289155
  4979.018622    -23450.711456     11014.172773
  5550.948449    -24014.542243      9349.050635
  6044.821383    -24482.890273      7610.749074
  6466.398144    -24845.969217      5812.741447
  6822.666260    -25095.197591      3969.040153
  7121.692063    -25223.361179      2094.081837
  7372.452094    -25224.752700       202.606896
  7584.646960    -25095.285782     -1690.465487
  7768.501166    -24832.580786     -3570.165453
  7934.552705    -24436.020585     -5421.602269
  8093.436514    -23906.774990     -7230.094342
  8255.666023    -23247.793175     -8981.297911
  8431.417112    -22463.764108    -10661.332879
  8630.318756    -21561.045677    -12256.904290
  8861.254508    -20547.563863    -13755.418011
  9132.178717    -19432.683930    -15145.089247
  9449.951088    -18227.056195    -16415.042692
  9820.192763    -16942.439450    -17555.403190
 10247.166631    -15591.505552    -18557.375999
 10733.684048    -14187.629055    -19413.315905
 11281.039582    -12744.665994    -20116.784615
 11888.974785    -11276.726122    -20662.596060
 12555.671410     -9797.942928    -21046.849414
 13277.773878     -8322.245745    -21266.949838
 14050.440233     -6863.138112    -21321.617104
 14867.420282     -5433.486360    -21210.882429
 15721.159125     -4045.322061    -20936.073979
 16602.923837     -2709.661673    -20499.791627
 17502.950686     -1436.346257    -19905.871640
 18410.609983      -233.903746    -19159.342062
 19314.585382       890.564286    -18266.369583
 20203.064314      1931.469836    -17234.198761
 21063.936119      2884.798687    -16071.084443
 21884.994393      3748.143122    -14786.218248
 22654.140118      4520.707088    -13389.649954
 23359.582193      5203.284242    -11892.204603
 23990.032132      5798.209723    -10305.396091
 24534.889867      6309.286879     -8641.337990
 24984.417799      6741.690545     -6912.652255
 25329.900487      7101.848780     -5132.376456
 25563.787655      7397.305249     -3313.870106
 25679.818456      7636.564669     -1470.720584
 25673.125277      7828.923955       383.350854
 25540.315664      7984.291818      2234.582578
 25279.531293      8112.999731      4069.265209
 24890.483241      8225.607228      5873.833023
 24374.463146      8332.704558      7634.953808
 23734.330171      8444.715722      9339.616893
 22974.474047      8571.704883     10975.219041
 22100.754749      8723.189108     12529.647945
 21120.419714      8907.960280     13991.363036
 20041.999803      9133.918913     15349.473325
 18875.185490      9407.922438     16593.811969
 17630.685055      9735.650364     17715.007242
 16320.066824     10121.488471     18704.549582
 14955.587728     10568.433995     19554.854331
 13550.010671     11078.023445     20259.319780
 12116.413425     11650.284436     20812.380106
 10667.991898     12283.712573     21209.552731
  9217.860776     12975.274074     21447.479661
  7778.854650     13720.434467     21523.962278
  6363.332778     14513.213278     21437.989123
  4982.990666     15346.264244     21189.756129
  3648.681619     16210.980153     20780.678819
  2370.251336     17097.621006     20213.395990
  1156.388482     17995.463747     19491.764420
    14.494001     18892.971434     18620.844206
 -1049.428329     19777.979286     17606.874378
 -2030.857878     20637.894691     16457.238542
 -2926.817831     21459.907936     15180.420363
 -3735.909080     22231.210099     13785.948842
 -4458.316349     22939.214326     12284.333458
 -5095.786028     23571.776556     10686.989360
 -5651.575745     24117.411623      9006.152995
 -6130.376225     24565.500680      7254.788642
 -6538.206556     24906.485944      5446.486564
 -6882.284533     25132.048914      3595.353568
 -7170.874274     25235.268457      1715.896983
 -7413.113817     25210.755524      -177.096832
 -7618.825865     25054.761620     -2068.688201
 -7798.315229     24765.258708     -3943.912695
 -7962.156848     24341.988749     -5787.911091
 -8120.978516     23786.481708     -7586.059257
 -8285.242570     23102.041505     -9324.096379
 -8465.030858     22293.700053    -10988.250050
 -8669.837240     21368.140221    -12565.356696
 -8908.371740     20333.589181    -14042.975922
 -9188.380192     19199.684251    -15409.497453
 -9516.482897     17977.313893    -16654.239459
 -9898.035392     16678.437044    -17767.537203
-10337.013932     15315.884367    -18740.821130
-10835.927759     13903.145356    -19566.683666
-11395.759635     12454.145451    -20238.934212
-12015.935550     10983.017476    -20752.641997
-12694.323874      9503.871734    -21104.166632
-13427.263654      8030.569045    -21291.176404
-14209.621175      6576.500863    -21312.654510
-15034.873390      5154.380364    -21168.893576
-15895.216314      3776.048116    -20861.478961
-16781.696073      2452.295546    -20393.261436
-17684.359930      1192.709026    -19768.319948