  3657.406580     21826.627726     14571.170131
  3148.863285     22791.690358     13164.694130
  2702.650291     23666.599038     11656.864474
  2313.043730     24441.316885     10059.405690
  1973.156350     25106.960616      8384.702878
  1675.085712     25655.942579      6645.702180
  1410.079597     26082.090882      4855.807901
  1168.715543     26380.745733      3028.777181
   941.091296     26548.830524      1178.613107
   717.022748     26584.896641      -680.542892
   486.245893     26489.141444     -2534.518523
   238.619286     26263.399328     -4369.217202
   -35.676460     25911.106201     -6170.722970
  -345.945525     25437.238179     -7925.403034
  -700.793309     24848.225692     -9620.007294
 -1107.955485     24151.844578    -11241.764228
 -1574.142476     23357.086124    -12778.472572
 -2104.901881     22474.008289    -14218.588288
 -2704.501076     21513.570662    -15551.306327
 -3375.831840     20487.455906    -16766.636774
 -4120.338549     19407.880673    -17855.474978
 -4937.971036     18287.399070    -18809.665305
 -5827.162871     17138.701893    -19622.058228
 -6784.835380     15974.414876    -20286.560433
 -7806.427347     14806.899206    -20798.177727
 -8885.949912     13648.057511    -21153.050504
-10016.065811     12509.148449    -21348.481590
-11188.191714     11400.612851    -21382.956294
-12392.622051     10331.914256    -21256.154545
-13618.672398      9311.396387    -20968.954991
-14854.840150      8346.159906    -20523.430992
-16088.979952      7441.960477    -19922.838460
-17308.491112      6603.129836    -19171.595530
-18500.513990      5832.521215    -18275.254089
-19652.132219      5131.480097    -17240.463226
-20750.577473      4499.840860    -16074.924703
-21783.433436      3935.949490    -14787.340610
-22738.835603      3436.712068    -13387.353406
-23605.663568      2997.668378    -11885.478602
-24373.722552      2613.089496    -10293.030409
-25033.911043      2276.097850     -8622.040731
-25578.371637      1978.807839     -6885.171954
-26000.622389      1712.484699     -5095.624041
-26295.666300      1467.719015     -3267.036509
-26460.076885      1234.613916     -1413.385955
-26492.058181      1002.981779       451.120169
-26391.477946       762.547040      2312.152745
-26159.873280       503.151547      4155.372293
-25800.428352       214.958824      5966.541518
-25317.924438      -111.346416      7731.638135
-24718.662943      -484.367154      9436.967014
-24010.362608      -911.814836     11069.270632
-23202.032547     -1400.345384     12615.836819
-22303.823264     -1955.413517     14064.602782
-21326.858183     -2581.148172     15404.254392
-20283.048628     -3280.251421     16624.319764
-19184.895517     -4053.922877     17715.256184
-18045.281298     -4901.811101     18668.529514
-16877.255857     -5821.993037     19476.685248
-15693.820264     -6810.981963     20133.410505
-14507.712255     -7863.763912     20633.586311
-13331.197367     -8973.861993     20973.329660
-12175.869471    -10133.427476     21150.024923
-11052.464344    -11333.356037     21162.344326
 -9970.689609    -12563.427059     21010.257308
 -8939.074093    -13812.463449     20695.028741
 -7964.839251    -15068.509077     20219.206062
 -7053.794894    -16319.020590     19586.595550
 -6210.260975    -17551.070123     18802.228040
 -5437.016708    -18751.555244     17872.314526
 -4735.277751    -19907.412333     16804.192165
 -4104.701678    -21005.829616     15606.261313
 -3543.421436    -22034.456044     14287.914281
 -3048.105974    -22981.602383     12859.456583
 -2614.046738    -23836.431005     11332.021487
 -2235.268285    -24589.131152      9717.478725
 -1904.660854    -25231.076709      8028.338248
 -1614.132359    -25754.963879      6277.649927
 -1354.776970    -26154.926540      4478.900086
 -1117.057183    -26426.627469      2645.905785
  -890.996098    -26567.324063       792.707708
  -666.376475    -26575.907629     -1066.537478
  -432.943079    -26452.915802     -2917.664483
  -180.604813    -26200.518058     -4746.605677
   100.366826    -25822.474791     -6539.495570
   419.146318    -25324.070816     -8282.772783
   784.172911    -24712.024568     -9963.278866
  1202.982647    -23994.374687    -11568.353353
  1682.056344    -23180.345964    -13085.924506
  2226.686027    -22280.196996    -14504.595238
  2840.861932    -21305.052109    -15813.723745
  3527.181897    -20266.720387    -17003.498430
  4286.784570    -19177.504781    -18065.006737
  5119.307477    -18050.004440    -18990.297548
  6022.870606    -16896.913477    -19772.436838
  6994.085755    -15730.819412    -20405.556311
  8028.091488    -14564.004568    -20884.894778
  9118.613152    -13408.253579    -21206.832051
 10258.047001    -12274.670124    -21368.915186
 11437.567120    -11173.505831    -21369.876902
 12647.253461    -10114.004102    -21209.646049
 13876.239001     -9104.261391    -20889.350034
 15112.873674     -8151.108212    -20411.309125
 16344.902522     -7260.011824    -19779.022586
 17559.655211     -6435.002234    -18997.146664
 18744.243888     -5678.622793    -18071.464425
 19885.766205     -4991.906265    -17008.847538
 20971.510193     -4374.376859    -15817.210113
 21989.157649     -3824.078303    -14505.454752
 22926.982658     -3337.627598    -13083.411037
 23774.041917     -2910.293679    -11561.766726
 24520.353646     -2536.099792     -9951.991983
 25157.061987     -2207.947970     -8266.257048
 25676.584029     -1917.763624     -6517.343792
 26072.736824     -1656.657867     -4718.551703
 26340.842086     -1415.104898     -2883.598884
 26477.806598     -1183.131431     -1026.518733
 26482.176766      -950.514950       838.446958
 26354.166165      -706.987331      2696.957703
 26095.655402      -442.440280      4534.685967
 25710.164090      -147.128914      6337.429837
 25202.795225       188.130175      8091.225798
 24580.152758       571.769968      9782.460602
 23850.233655      1011.296676     11397.981247
 23022.296190      1513.129296     12925.202033
 22106.706710      2082.458072     14352.207680
 21114.767494      2723.124589     15667.851513
 20058.528702      3437.525814     16861.847732
 18950.587760      4226.543970     17924.856854
 17803.879733      5089.503676     18848.563439
 16631.462467      6024.157244     19625.745327
 15446.300371      7026.698543     20250.333658
 14261.050750      8091.805250     20717.463075
 13087.856575      9212.708813     21023.511600
 11938.149424     10381.290880     21166.129794
 10822.466170     11588.204502     21144.258931
  9750.282698     12823.017891     20958.138051
  8729.867617     14074.378130     20609.299853
  7768.158539     15330.191855     20100.555565
  6870.663067     16577.819617     19435.968988
  6041.386143     17804.280387     18620.820073
  5282.784924     18996.462523     17661.558487
  4595.751809     20141.337394     16565.747695
  3979.625741     21226.171851     15342.000221
  3432.231360     22238.735797     13999.904775