 21760.427327      9184.358631     12124.398248
 20765.856429      9255.151828     13689.571497
 19659.491214      9364.589553     15149.708089
 18451.284884      9521.306608     16493.462121
 17152.507463      9732.734902     17710.358457
 15775.571945     10004.952190     18790.878667
 14333.840656     10342.554614     19726.540120
 12841.415098     10748.555483     20509.967426
 11312.912826     11224.312287     21134.955472
  9763.235218     11769.483450     21596.523377
  8207.330174     12382.015789     21890.958743
  6659.953924     13058.163112     22015.851660
  5135.436174     13792.535774     21970.118047
  3647.452774     14578.180490     21754.011973
  2208.810001     15406.689089     21369.126739
   831.244339     16268.334372     20818.384621
  -474.758616     17152.230691     20106.015279
 -1700.122862     18046.516442     19237.522970
 -2837.315430     18938.555164     18219.642832
 -3880.452175     19815.151672     17060.286627
 -4825.374027     20662.779278     15768.478425
 -5669.692397     21467.813995     14354.280870
 -6412.802970     22216.771480     12828.712710
 -7055.867766     22896.542414     11203.658419
 -7601.765894     23494.622066      9491.770789
 -8055.014040     23999.329920      7706.367441
 -8421.658264     24400.015425      5861.322247
 -8709.139231     24687.246231      3970.952733
 -8926.133440     24852.975597      2049.904492
 -9082.373474     24890.686085       113.033694
 -9188.450620     24795.507082     -1824.711236
 -9255.603516     24564.304208     -3748.407740
 -9295.496690     24195.739189     -5643.276035
 -9319.993006     23690.299300     -7494.793817
 -9340.924080     23050.296052     -9288.807869
 -9369.862732     22279.833326    -11011.641686
 -9417.901460     21384.745696    -12650.198343
 -9495.440758     20372.508193    -14192.057869
 -9611.990887     19252.119232    -15625.568486
 -9775.990441     18033.958859    -16939.931129
 -9994.644718     16729.624884    -18125.276758
-10273.786535     15351.749785    -19172.736019
-10617.761715     13913.801574    -20074.500926
-11029.341058     12429.872036    -20823.878257
-11509.660114     10914.455916    -21415.334459
-12058.187648      9382.224763    -21844.531906
-12672.723168      7847.799165    -22108.356407
-13349.423456      6325.523106    -22204.935931
-14082.857525      4829.244129    -22133.650536
-14866.089028      3372.102836    -21895.133576
-15690.784662      1966.335107    -21491.264259
-16547.346743       623.090201    -20925.151697
-17425.067727      -647.732401    -20201.110608
-18312.304139     -1837.624803    -19324.628871
-19196.667043     -2939.588935    -18302.327166
-20065.225967     -3948.229364    -17141.910953
-20904.722944     -4859.819202    -15852.115079
-21701.793210     -5672.338096    -14442.641344
-22443.188963     -6385.481675    -12924.089358
-23116.002543     -7000.642322    -11307.881082
-23707.885379     -7520.861554     -9606.179453
-24207.259109     -7950.754771     -7831.801550
-24603.515371     -8296.409556     -5998.126774
-24887.200937     -8565.259157     -4119.000560
-25050.185051     -8765.933167     -2208.634174
-25085.806108     -8908.087836      -281.501198
-24988.995124     -9002.218751      1647.768684
-24756.373771     -9059.458986      3564.497904
-24386.325182     -9091.366053      5454.070534
-23879.036147     -9109.701223      7302.042377
-23236.509753     -9126.204944      9094.250814
-22462.548071     -9152.372204     10816.923633
-21562.704911     -9199.231702     12456.785970
-20544.209252     -9277.132709     14001.164523
-19415.860411     -9395.543379     15438.088161
-18187.896540     -9562.864127     16756.384060
-16871.838529     -9786.259482     17945.768491
-15480.311816    -10071.511515     18996.931415
-14026.849073    -10422.897602     19901.614047
-12525.677065    -10843.094879     20652.678622
-10991.491331    -11333.113279     21244.169599
 -9439.222568    -11892.258563     21671.365657
 -7883.798800    -12518.126174     21930.821859
 -6339.907528    -13206.626254     22020.401485
 -4821.762084    -13952.039519     21939.297110
 -3342.876368    -14747.103163     21688.040610
 -1915.852007    -15583.125367     21268.501903
  -552.181801    -16450.126465     20683.876337
   737.927016    -17337.004292     19938.660757
  1945.706489    -18231.720786     19038.618438
  3063.955865    -19121.506501     17990.733143
  4087.141421    -19993.079346     16803.152735
  5011.466452    -20832.873590     15485.122862
  5834.910191    -21627.274983     14046.911344
  6557.235056    -22362.857726     12499.723999
  7179.962200    -23026.618989     10855.612735
  7706.315914    -23606.206767      9127.376797
  8141.138058    -24090.136950      7328.458142
  8490.774186    -24467.995751      5472.831943
  8762.933604    -24730.623903      3574.893284
  8966.526011    -24870.279401      1649.341086
  9111.477830    -24880.775980      -288.939633
  9208.531637    -24757.594978     -2224.996130
  9269.032404    -24497.968761     -4143.925893
  9304.704450    -24100.934366     -6030.993159
  9327.423131    -23567.356614     -7871.743062
  9348.985346    -22899.920464     -9652.112477
  9380.882912    -22103.092918    -11358.536724
  9434.082757    -21183.055341    -12978.051355
  9518.817726    -20147.607530    -14498.388309
  9644.391551    -19006.045367    -15908.065802
  9819.001267    -17769.014283    -17196.471389
 10049.580006    -16448.341178    -18353.937726
 10341.662728    -15056.847753    -19371.810609
 10699.277044    -13608.148485    -20242.508950
 11124.860814    -12116.436701    -20959.576435
 11619.207788    -10596.262364    -21517.724648
 12181.442044     -9062.305275    -21912.867522
 12809.021516     -7529.147444    -22142.147026
 13497.770449     -6011.048344    -22203.950067
 14241.940110     -4521.726718    -22097.916607
 15034.296688     -3074.152431    -21824.939068
 15866.234843     -1680.351716    -21387.153115
 16727.914999      -351.228907    -20787.919960
 17608.422089       903.592509    -20031.800361
 18495.943129      2075.907019    -19124.520516
 19377.960732      3159.040213    -18072.930091
 20241.459390      4147.936158    -16884.952648
 21073.141177      5039.217624    -15569.528770
 21859.647377      5831.218219    -14136.552199
 22587.782421      6523.985924    -12596.799359
 23244.736495      7119.257971    -10961.852629
 23818.303158      7620.407451     -9244.017808
 24297.088417      8032.362500     -7456.236199
 24670.707757      8361.499330     -5611.991826
 24929.967856      8615.510835     -3725.214282
 25067.029889      8803.252866     -1810.177794
 25075.551622      8934.570657       118.602907
 24950.805799      9020.108265      2046.479271
 24689.772706      9071.104115      3958.777476
 24291.205169      9099.176086      5840.908136
 23755.664717      9116.099718      7678.476401
 23085.528067      9133.583298      9457.391667
 22284.963610      9163.043693     11163.976077
 21359.878065      9215.386791     12785.070971