 17319.435481    -17048.576562     -9885.439939
 17021.057247    -16218.287961    -11574.738352
 16697.737653    -15262.506895    -13171.797978
 16361.833408    -14184.990726    -14663.556801
 16025.425490    -12991.396911    -16037.754106
 15700.083430    -11689.216647    -17283.051598
 15396.638351    -10287.673221    -18389.146991
 15124.969589     -8797.586579    -19346.878230
 14893.809501     -7231.206483    -20148.316664
 14710.570711     -5602.017363    -20786.847592
 14581.199597     -3924.518701    -21257.236869
 14510.059219     -2213.985390    -21555.682453
 14499.844241      -486.213003    -21679.850101
 14551.529619      1242.746728    -21628.892690
 14664.354076      2956.854687    -21403.452988
 14835.838516      4640.351833    -21005.650009
 15061.838761      6278.019833    -20439.049392
 15336.631177      7855.429609    -19708.618550
 15653.029050      9359.172893    -18820.667595
 16002.526919     10777.072391    -17782.777249
 16375.469497     12098.366739    -16603.715180
 16761.241382     13313.867060    -15293.342271
 17148.473416     14416.082709    -13862.510484
 17525.261322     15399.314457    -12322.953978
 17879.392142     16259.714156    -10687.175135
 18198.574026     16995.310622     -8968.327139
 18470.664992     17606.002157     -7180.094623
 18683.896495     18093.516774     -5336.573832
 18827.087907     18461.341742     -3452.153585
 18889.848328     18714.624554     -1541.398206
 18862.762556     18860.047878       381.066591
 18737.558424     18905.681327      2300.664018
 18507.253170     18860.813202      4202.972048
 18166.276941     18735.765529      6073.824233
 17710.571981     18541.695810      7899.405103
 17137.666474     18290.388998      9666.339879
 16446.722471     17994.043189     11361.778338
 15638.557672     17665.052456     12973.472756
 14715.641269     17315.790206     14489.849942
 13682.064367     16958.396247     15900.077428
 12543.485842     16604.570662     17194.123937
 11307.054781     16265.377350     18362.814255
  9981.310923     15951.059912     19397.878682
  8576.064749     15670.872368     20291.997207
  7102.259108     15432.926895     21038.838562
  5571.814426     15244.060612     21633.094282
  3997.459733     15109.723118     22070.507870
  2392.551903     15033.886279     22347.899135
   770.885571     15018.977470     22463.183716
  -853.503622     15065.837200     22415.387784
 -2466.539797     15173.701796     22204.657839
 -4054.308848     15340.211495     21832.265490
 -5603.258900     15561.444027     21300.607044
 -7100.396397     15831.973444     20613.197701
 -8533.475003     16144.953668     19774.660089
 -9891.174537     16492.225861     18790.706861
-11163.267204     16864.448449     17668.117032
-12340.768510     17251.248257     16414.705718
-13416.070321     17641.390886     15039.286955
-14383.053750     18022.968152     13551.629244
-15237.179711     18383.600038     11962.403545
-15975.555240     18710.648328     10283.123435
-16596.974007     18991.438768      8526.077247
-17101.929715     19213.488336      6704.252063
-17492.601542     19364.733957      4831.249547
-17772.811141     19433.758817      2921.193734
-17947.951246     19410.012258       988.631014
-18024.886385     19284.019208      -951.577269
-18011.826764     19047.575052     -2884.369023
-17918.176939     18693.921972     -4794.601647
-17754.361428     18217.902938     -6667.177330
-17531.629987     17616.089824     -8487.172278
-17261.845789     16886.882483    -10239.968516
-16957.260223     16030.576114    -11911.386763
-16630.278460     15049.394792    -13487.818740
-16293.220277     13947.489725    -14956.357134
-15958.080865     12730.901516    -16304.921382
-15636.296508     11407.486473    -17522.377396
-15338.520023      9986.807872    -18598.649368
-15074.410747      8479.993859    -19524.821854
-14852.443615      6899.564511    -20293.230466
-14679.741501      5259.231334    -20897.539656
-14561.934509      3573.673153    -21332.806299
-14503.049277      1858.292955    -21595.528038
-14505.430719       128.960706    -21683.675640
-14569.697794     -1598.252495    -21596.708913
-14694.734162     -3307.343383    -21335.576082
-14877.713730     -4982.643017    -20902.696806
-15114.160272     -6609.075360    -20301.929354
-15398.039568     -8172.402710    -19538.522738
-15721.881768     -9659.453216    -18619.054851
-16076.931058    -11058.326147    -17551.357877
-16453.319173    -12358.571254    -16344.432424
-16840.258870    -13551.339178    -15008.351931
-17226.253170    -14629.500622    -13554.159003
-17599.315956    -15587.732708    -11993.755348
-17947.199469    -16422.571705    -10339.786963
-18257.624225    -17132.432003     -8605.526192
-18518.507049    -17717.591903     -6804.752164
-18718.183080    -18180.147391     -4951.631011
-18845.617931    -18523.935627     -3060.597157
-18890.606494    -18754.430359     -1146.236772
-18843.955301    -18878.611864       776.825622
-18697.645726    -18904.814351      2694.036596
-18444.975808    -18842.554000      4591.018654
-18080.678865    -18702.340983      6453.669965
-17601.017551    -18495.478929      8268.258612
-17003.852414    -18233.855326     10021.511107
-16288.684459    -17929.726343     11700.695046
-15456.671585    -17595.499512     13293.695828
-14510.619152    -17243.517580     14789.087481
-13454.945284    -16885.846738     16176.197666
-12295.621820    -16534.072244     17445.166975
-11040.092114    -16199.104292     18587.002684
 -9697.167158    -15890.996748     19593.627094
 -8276.901725    -15618.781183     20457.920650
 -6790.452450    -15390.318376     21173.759953
 -5249.919945    -15212.169215     21736.050806
 -3668.177210    -15089.486695     22140.756381
 -2058.686745    -15025.930431     22384.920569
  -435.308891    -15023.604832     22466.686511
  1187.895979    -15083.021831     22385.310302
  2796.868701    -15203.088758     22141.169764
  4377.753251    -15381.121670     21735.768171
  5917.096530    -15612.884147     21171.732753
  7402.043211    -15892.651250     20452.807743
  8820.522818    -16213.298034     19583.841716
 10161.426277    -16566.411684     18570.768925
 11414.769217    -16942.426004     17420.584308
 12571.839417    -17330.776667     16141.311828
 13625.325917    -17720.075284     14741.965823
 14569.427483    -18098.300038     13232.505024
 15399.938339    -18453.000280     11623.778949
 16114.309315    -18771.512180      9927.466431
 16711.682877    -19041.182221      8156.006083
 17192.900856    -19249.595077      6322.518611
 17560.484066    -19384.802154      4440.720979
 17818.583469    -19435.546915      2524.832565
 17972.902986    -19391.482964       589.473586
 18030.594604    -19243.380814     -1350.443758
 18000.126935    -18983.319280     -3279.830797
 17891.128957    -18604.857529     -5183.543761
 17714.211212    -18103.184040     -7046.509986
 17480.767291    -17475.239001     -8853.857784
 17202.758947    -16719.807070    -10591.048597