-20495.647194     -8215.407986    -14934.554150
-19345.374325     -8525.466687    -16225.399853
-18115.050615     -8891.435757    -17393.301731
-16816.605724     -9317.664268    -18429.284952
-15462.683389     -9807.072594    -19325.349400
-14066.445750    -10361.080282    -20074.532962
-12641.369052    -10979.559869    -20670.967859
-11201.034062    -11660.817593    -21109.929532
 -9758.914669    -12401.601549    -21387.877569
 -8328.168186    -13197.137374    -21502.488237
 -6921.430897    -14041.191057    -21452.678208
 -5550.622339    -14926.158049    -21238.619113
 -4226.761686    -15843.177340    -20861.742630
 -2959.799470    -16782.268761    -20324.735873
 -1758.467600    -17732.491305    -19631.526911
  -630.150379    -18682.119900    -18787.260355
   419.221115    -19618.837677    -17798.263010
  1385.249325    -20529.940489    -16671.999688
  2265.123652    -21402.550157    -15417.019411
  3057.645961    -22223.832742    -14042.892264
  3763.227591    -22981.217986    -12560.137347
  4383.857815    -23662.616032    -10980.142299
  4923.044212    -24256.627515     -9315.075020
  5385.725947    -24752.743232     -7577.788295
  5778.161460    -25141.529741     -5781.718117
  6107.792552    -25414.797480     -3940.776572
  6383.087306    -25565.748310     -2069.240268
  6613.364685    -25589.099735      -181.635297
  6808.604021    -25481.183504      1707.380203
  6979.242878    -25240.016750      3583.134778
  7135.967008    -24865.344332      5431.062576
  7289.496275    -24358.651610      7236.821323
  7450.370485    -23723.147407      8986.408254
  7628.739060    -22963.717492     10666.272917
  7834.158418    -22086.849447     12263.425802
  8075.400742    -21100.530340     13765.541814
  8360.277629    -20014.119094     15161.057673
  8695.481761    -18838.195926     16439.262403
  9086.449441    -17584.391617     17590.380155
  9537.246387    -16265.199740     18605.644712
 10050.478755    -14893.775254     19477.365120
 10627.230868    -13483.723069     20198.981997
 11267.030649    -12048.880380     20765.114174
 11967.843217    -10603.096585     21171.595425
 12726.092617     -9160.014638     21415.501158
 13536.711158     -7732.857614     21495.165010
 14393.215310     -6334.224117     21410.185428
 15287.806722     -4975.895968     21161.422350
 16211.496438     -3668.661352     20750.984229
 17154.250048     -2422.156320     20182.205684
 18105.151176     -1244.727138     19459.616139
 19052.580398      -143.315666     18588.899860
 19984.406487       876.630533     17576.847866
 20888.186700      1811.222039     16431.302188
 21751.372692      2658.164531     15161.093045
 22561.518602      3416.768454     13775.969460
 23306.487844      4087.931444     12286.523926
 23974.655200      4674.093997     10704.111692
 24555.100894      5179.169315      9040.765277
 25037.793495      5608.448627      7309.104828
 25413.758706      5968.483715      5522.244918
 25675.231307      6266.948682      3693.698401
 25815.787828      6512.483331      1837.277935
 25830.457829      6714.520821       -33.004225
 25715.812002      6883.102462     -1903.037561
 25470.025689      7028.682739     -3758.715142
 25092.916776      7161.927789     -5586.035409
 24585.957347      7293.510661     -7371.203273
 23952.258869      7433.906723     -9100.729956
 23196.531105      7593.192607    -10761.530958
 22325.015359      7780.852020    -12341.021575
 21345.393061      8005.591657    -13827.209361
 20266.671099      8275.170300    -15208.782944
 19099.045662      8596.244005    -16475.196618
 17853.746744      8974.230034    -17616.750116
 16542.865740      9413.191904    -18624.662986
 15179.168896      9915.747608    -19491.143009
 13775.899606     10483.002705    -20209.448101
 12346.572746     11114.509575    -20773.941163
 10904.764444     11808.253727    -21180.137367
  9463.900733     12560.667608    -21424.743403
  8037.048642     13366.671880    -21505.688236
  6636.713253     14219.743712    -21422.144977
  5274.644185     15112.011123    -21174.543521
  3961.654873     16034.371974    -20764.573658
  2707.457798     16976.635769    -20195.178457
  1520.518597     17927.685976    -19470.537745
   407.931690     18875.660230    -18596.041656
  -624.680300     19808.145382    -17578.254253
 -1573.241450     20712.384098    -16424.867354
 -2435.270324     21575.489445    -15144.644786
 -3209.899673     22384.663719    -13747.357378
 -3897.867580     23127.417643    -12243.709142
 -4501.480112     23791.786048    -10645.255139
 -5024.546046     24366.536135     -8964.311694
 -5472.284765     24841.364550     -7213.859652
 -5851.208938     25207.079672     -5407.441513
 -6168.984052     25455.765756     -3559.053329
 -6434.267340     25580.925910     -1683.032334
 -6656.529010     25577.601240       206.058678
 -6845.859061     25442.463958      2093.549138
 -7012.763214     25173.882708      3964.779568
 -7167.951727     24771.958906      5805.220394
 -7322.124974     24238.533401      7600.589593
 -7485.759748     23577.163353      9336.968074
 -7668.900197     22793.069768     11000.911703
 -7880.957249     21893.056659     12579.558954
 -8130.520152     20885.403368     14060.733213
 -8425.183567     19779.732026     15433.038826
 -8771.393300     18586.852626     16685.950069
 -9174.313417     17318.588535     17809.892322
 -9637.717062     15987.585647     18796.314792
-10163.902848     14607.108615     19637.754268
-10753.638197     13190.827835     20327.889473
-11406.130520     11752.600969     20861.585686
-12119.026596     10306.252846     21234.929424
-12888.440019      8865.357577     21445.253060
-13709.006070      7443.026644     21491.149363
-14573.962902      6051.706551     21372.476028
-15475.257473      4702.989426     21090.350361
-16403.674246      3407.439709     20647.134354
-17348.984324      2174.439729     20046.410455
-18300.112336      1012.056610     19292.948409
-19245.318143       -73.067411     18392.663591
-20172.390212     -1075.799633     17352.567304
-21068.847326     -1992.575276     16180.709543
-21922.145234     -2821.428872     14886.114778
-22719.884747     -3561.998328     13478.711306
-23450.017850     -4215.501818     11969.254758
-24101.048405     -4784.688072     10369.246366
-24662.224198     -5273.761078      8690.846567
-25123.717179     -5688.280583      6946.784589
-25476.789014     -6035.040186      5150.264590
-25713.939267     -6321.925140      3314.868988
-25829.033856     -6557.752284      1454.459579
-25817.411715     -6752.094823      -416.922948
-25675.967964     -6915.094863     -2285.160504
-25403.212248     -7057.266830     -4136.159484
-24999.301293     -7189.295013     -5955.952453
-24466.045145     -7321.828580     -7730.799048
-23806.886938     -7465.277433     -9447.285469
-23026.856495     -7629.612292    -11092.422005
-22132.498416     -7824.172316    -12653.737963
-21131.775780     -8057.483472    -14119.373438
-20033.950913     -8337.090700    -15478.167306