 19787.036416      8811.368975    -15771.480099
 20368.242839      9786.198376    -14397.182373
 20917.307252     10657.262817    -12915.550141
 21422.035633     11423.081295    -11337.631045
 21870.422691     12083.816526     -9675.190371
 22250.861202     12641.248329     -7940.623197
 22552.345609     13098.719946     -6146.861840
 22764.666414     13461.058260     -4307.279319
 22878.592071     13734.469290     -2435.589536
 22886.035279     13926.410791      -545.744946
 22780.200850     14045.444150      1348.167538
 22555.712631     14101.068131      3232.031615
 22208.717317     14103.537326      5091.806856
 21736.963376     14063.668414      6913.633369
 21139.853740     13992.637553      8683.935093
 20418.471333     13901.772369     10389.520935
 19575.577002     13802.342077     12017.683024
 18615.579845     13705.349347     13556.291326
 17544.480424     13621.327429     14993.883928
 16369.787784     13560.146023     16319.752328
 15100.411668     13530.829189     17524.021084
 13746.531695     13541.388396     18597.721247
 12319.445710     13598.673563     19532.857031
 10831.399805     13708.244627     20322.465223
  9295.402861     13874.265818     20960.666902
  7725.028715     14099.424458     21442.711087
  6134.209227     14384.875659     21765.009986
  4537.021734     14730.213879     21925.165601
  2947.474417     15133.471817     21921.987478
  1379.293164     15591.146693     21755.501489
  -154.286500     16098.253460     21426.949574
 -1640.718971     16648.404080     20938.780449
 -3068.336265     17233.911515     20294.631351
 -4426.520749     17845.916693     19499.300957
 -5705.860030     18474.536312     18558.713675
 -6898.281425     19109.028987     17479.875576
 -7997.163801     19737.976933     16270.822287
 -8997.424923     20349.480131     14940.559238
 -9895.582894     20931.359680     13498.994696
-10689.790684     21471.366915     11956.866085
-11379.843216     21957.394746     10325.660142
-11967.156914     22377.687640      8617.527483
-12454.722118     22721.046704      6845.192229
-12847.029199     22977.026377      5021.857349
-13149.969659     23136.119406      3161.106420
-13370.713928     23189.926963      1276.802536
-13517.567961     23131.311008      -617.014879
-13599.811094     22954.526303     -2506.234608
-13627.517922     22655.329826     -4376.778732
-13611.367271     22231.065704     -6214.707502
-13562.441497     21680.724206     -8006.323212
-13492.019563     21004.973763     -9738.272301
-13411.367410     20206.165457    -11397.644919
-13331.529209     19288.309842    -12972.071210
-13263.123056     18257.026477    -14449.813603
-13216.144589     17119.466982    -15819.854412
-13199.781895     15884.212871    -17071.978089
-13222.244853     14561.149864    -18196.847514
-13290.611845     13161.320756    -19186.073754
-13410.696448     11696.759296    -20032.278749
-13586.936395     10180.307846    -20729.150482
-13822.306707      8625.421864    -21271.490179
-14118.258498      7045.964477    -21655.251223
-14474.684504      5455.994585    -21877.569444
-14889.911946      3869.552031    -21936.784600
-15360.722867      2300.443450    -21832.452845
-15882.401610       762.032348    -21565.350118
-16448.808661      -732.963034    -21137.466401
-17052.479596     -2172.660734    -20551.990912
-17684.747501     -3546.191742    -19813.288324
-18335.886758     -4843.859394    -18926.866190
-18995.275810     -6057.278838    -17899.333833
-19651.576121     -7179.494239    -16738.352985
-20292.924314     -8205.071806    -15452.580574
-20907.134237     -9130.167091    -14051.604061
-21481.905524     -9952.565477    -12545.869832
-22005.035117    -10671.695218    -10946.605182
-22464.628172    -11288.612851     -9265.734467
-22849.304754    -11805.961275     -7515.790060
-23148.398827    -12227.901254     -5709.818786
-23352.146152    -12560.017555     -3861.284528
-23451.857908    -12809.201347     -1983.967739
-23440.077075    -12983.510899       -91.862617
-23310.714934    -13092.012984      1800.927295
-23059.165338    -13144.607711      3680.294293
-22682.394830    -13151.839789      5532.231704
-22179.007043    -13124.699459      7342.938294
-21549.280288    -13074.416504      9098.921109
-20795.177669    -13012.250845     10787.095999
-19920.329535    -12949.283318     12394.885056
-18929.988539    -12896.210183     13910.310260
-17830.958043    -12863.144887     15322.082626
-16631.495049    -12859.430447     16619.686194
-15341.189274    -12893.465663     17793.456248
-13970.820376    -12972.548121     18834.651170
-12532.195714    -13102.736649     19735.517417
-11037.971356    -13288.735597     20489.347124
 -9501.459308    -13533.802888     21090.527925
 -7936.424203    -13839.683437     21534.584612
 -6356.872829    -14206.569057     21818.212338
 -4776.840016    -14633.085563     21939.301113
 -3210.174461    -15116.307299     21896.951415
 -1670.328056    -15651.798846     21691.480813
  -170.152242    -16233.683242     21324.421535
  1278.295226    -16854.735548     20798.509029
  2663.929875    -17506.500204     20117.661570
  3976.803496    -18179.430201     19286.951098
  5208.247789    -18863.045719     18312.565474
  6350.996314    -19546.109566     17201.762460
  7399.282708    -20216.816455     15962.815739
  8348.913569    -20862.992929     14604.953391
  9197.314825    -21472.304556     13138.289278
  9943.550827    -22032.466894     11573.747827
 10588.315909    -22531.456666      9922.982799
 11133.898583    -22957.719561      8198.290608
 11584.119024    -23300.371163      6412.518861
 11944.240932    -23549.387581      4578.970775
 12220.859303    -23695.782566      2711.306191
 12421.766050    -23731.768098       823.439909
 12555.795766    -23650.895715     -1070.561893
 12632.654284    -23448.176177     -2956.586397
 12662.732968    -23120.175416     -4820.579258
 12656.911902    -22665.085129     -6648.649303
 12626.355347    -22082.766796     -8427.172058
 12582.302952    -21374.768339    -10142.891302
 12535.860288    -20544.313121    -11783.017918
 12497.792286    -19596.261437    -13335.325285
 12478.323094    -18537.045100    -14788.240505
 12486.945784    -17374.576211    -16130.930781
 12532.245154    -16118.131610    -17353.384295
 12621.736659    -14778.214921    -18446.484987
 12761.724223    -13366.398497    -19402.080663
 12957.179370    -11895.147892    -20213.043921
 13211.643757    -10377.631791    -20873.325448
 13527.156769     -8827.520583    -21377.999268
 13904.209446     -7258.776932    -21723.299606
 14341.725535     -5685.441862    -21906.649099
 14837.070012     -4121.419933    -21926.678118
 15386.084955     -2580.267100    -21783.235075
 15983.152173     -1074.984802    -21477.387618
 16621.281551       382.176255    -21011.414720
 17292.223627      1779.899375    -20388.789699
 17986.604506      3107.969115    -19614.154319
 18694.080838      4357.419728    -18693.284143
 19403.512237      5520.662330    -17633.045416