 -6009.812687    -18363.770655    -18315.526565
 -5357.413906    -19535.236368    -17234.456626
 -4774.476848    -20649.166124    -16022.017483
 -4258.618569    -21692.726819    -14687.071847
 -3805.999936    -22653.706552    -13239.476905
 -3411.407293    -23520.717847    -11690.020373
 -3068.359459    -24283.389798    -10050.347439
 -2769.238544    -24932.545561     -8332.878845
 -2505.442633    -25460.361804     -6550.720453
 -2267.557875    -25860.506930     -4717.564807
 -2045.547138    -26128.255206     -2847.585328
 -1828.951924    -26260.574327      -955.323956
 -1607.103958    -26256.184372       944.426841
 -1369.342555    -26115.586636      2836.746584
 -1105.233651    -25841.061385      4706.712641
  -804.786305    -25436.634182      6539.528092
  -458.662412    -24908.011074      8320.650191
   -58.375459    -24262.483582     10035.917962
   403.525695    -23508.805050     11671.677397
   933.291752    -22657.040564     13214.902765
  1535.830009    -21718.393205     14653.312503
  2214.586453    -20705.009934     15975.478291
  2971.455336    -19629.770842     17170.925936
  3806.718081    -18506.065881     18230.226859
  4719.012768    -17347.563437     19145.079092
  5705.334762    -16167.975278     19908.376883
  6761.068413    -14980.822463     20514.268173
  7880.049098    -13799.206744     20958.199433
  9054.654235    -12635.591810     21236.947511
 10275.921337    -11501.598518     21348.638399
 11533.690631    -10407.817833     21292.752975
 12816.769301     -9363.644832     21070.120004
 14113.114057     -8377.136617     20682.896819
 15410.028399     -7454.896442     20134.538303
 16694.370773     -6601.985790     19429.754869
 17952.769659     -5821.865567     18574.460302
 19171.841618     -5116.366963     17575.710357
 20338.408367     -4485.691994     16441.633111
 21439.709070     -3928.443146     15181.352070
 22463.604221     -3441.681066     13804.903070
 23398.767752     -3021.008748     12323.145979
 24234.864303     -2660.680255     10747.672204
 24962.708906     -2353.731645      9090.708959
 25574.406751     -2092.131474      7365.021184
 26063.471042     -1866.947980      5583.811972
 26424.917402     -1668.529896      3760.622275
 26655.333675     -1486.697665      1909.230582
 26752.924373     -1310.941798        43.553216
 26717.529465     -1130.625056     -1822.454193
 26550.617520      -935.185183     -3674.893568
 26255.253680      -714.334960     -5500.019135
 25836.043205      -458.256495     -7284.329689
 25299.051735      -157.786750     -9014.658054
 24651.703681       195.408454    -10678.257430
 23902.660455       608.674569    -12262.884398
 23061.680493      1088.224934    -13756.878326
 22139.463274      1639.015992    -15149.236982
 21147.479717      2264.642946    -16429.688145
 20097.791514      2967.257402    -17588.756999
 19002.862112      3747.508278    -18617.829127
 17875.362148      4604.506879    -19509.208865
 16727.972248      5535.816792    -20256.172792
 15573.186119      6537.468851    -20853.018109
 14423.116913      7604.001137    -21295.105632
 13289.309806      8728.523578    -21578.897090
 12182.563689      9902.806428    -21701.986440
 11112.764782     11117.391489    -21663.124833
 10088.734856     12361.724657    -21462.238902
  9118.096589     13624.307983    -21100.441988
  8207.158376     14892.869151    -20580.037948
  7360.820658     16154.545943    -19904.517188
  6582.505596     17396.082977    -19078.544549
  5874.111530     18604.037735    -18107.938747
  5235.993360     19764.992679    -16999.643071
  4666.969576     20865.770053    -15761.687114
  4164.356207     21893.645817    -14403.139367
  3724.027576     22836.559089    -12934.050613
  3340.503203     23683.313404    -11365.388117
  3007.059771     24423.766173     -9708.960762
  2715.866559     25049.002781     -7977.335371
  2458.142272     25551.491979     -6183.744613
  2224.330743     25925.219431     -4341.987015
  2004.292552     26165.796648     -2466.319767
  1787.509207     26270.542887      -571.345141
  1563.296231     26238.538108      1328.108505
  1321.021198     26070.645552      3217.110022
  1050.322599     25769.503131      5080.751842
   741.325306     25339.483391      6904.278079
   384.848399     24786.622479      8673.212942
   -27.398805     24118.519170     10373.487961
  -502.636474     23344.205663     11991.566528
 -1046.853414     22473.992454     13514.564222
 -1664.668975     21519.290179     14930.363444
 -2359.220535     20492.411805     16227.720933
 -3132.078901     19406.359005     17396.366851
 -3983.193340     18274.596870     18427.094225
 -4910.867362     17110.821379     19311.837715
 -5911.765679     15928.724174     20043.740812
 -6980.952146     14741.759222     20617.210803
 -8111.957808     13562.915864     21027.960992
 -9296.877582     12404.502585     21273.039917
-10526.493511     11277.945534     21350.847460
-11790.422025     10193.605496     21261.137994
-13077.282183      9160.616526     21005.010844
-14374.881524      8186.749019     20584.888559
-15670.415862      7278.299379     20004.483601
-16950.679170      6440.007937     19268.754206
-18202.279589      5675.006135     18383.850282
-19411.857604      4984.793428     17357.050258
-20566.302445      4369.243797     16196.689889
-21652.962960      3826.641183     14912.084026
-22659.849379      3353.742698     13513.442384
-23575.822645      2945.867959     12011.780315
-24390.768324      2597.012517     10418.825588
-25095.752436      2299.982977      8746.922104
-25683.156907      2046.551127      7008.931460
-26146.792793      1827.624145      5218.133158
-26481.989759      1633.427778      3388.124255
-26685.660790      1453.699283      1532.719120
-26756.341443      1277.886823      -334.150076
-26694.203408      1095.352025     -2198.531592
-26501.042506       895.572429     -4046.550575
-26180.241615       668.340620     -5864.503347
-25736.709400       403.956968     -7638.949117
-25176.796005        93.413046     -9356.798846
-24508.187201      -271.437041    -11005.400927
-23739.778760      -697.719947    -12572.623487
-22881.533040     -1191.403310    -14046.933042
-21944.320040     -1757.174984    -15417.469314
-20939.745339     -2398.343036    -16674.116010
-19879.967508     -3116.758027    -17807.567340
-18777.507741     -3912.758752    -18809.390093
-17645.054512     -4785.142322    -19672.081024
-16495.266196     -5731.159130    -20389.119336
-15340.574586     -6746.532921    -20955.013990
-14192.992284     -7825.505817    -21365.345568
-13063.926891     -8960.907851    -21616.802397
-11964.004902    -10144.250147    -21707.210597
-10902.908069    -11365.840610    -21635.557733
 -9889.224906    -12614.920581    -21402.009701
 -8930.319813    -13879.820613    -21007.920485
 -8032.222091    -15148.133200    -20455.834425
 -7199.536884    -16406.899956    -19749.480624
 -6435.379769    -17642.810486    -18893.759158
 -5741.336400    -18842.409919    -17894.718765