 12886.481309      9163.784473    -21700.556239
 12385.072114     10671.315142    -21294.339308
 11946.756706     12161.268005    -20730.289445
 11571.739390     13619.843813    -20012.475967
 11258.659654     15033.427179    -19146.080851
 11004.625852     16388.791081    -18137.368091
 10805.274526     17673.296462    -16993.646422
 10654.854605     18875.083886    -15723.225379
 10546.335363     19983.254221    -14335.364709
 10471.536632     20988.035493    -12840.217172
 10421.279449     21880.933175    -11248.764765
 10385.554927     22654.861377     -9572.748473
 10353.708880     23304.252634     -7824.591679
 10314.639364     23825.144290     -6017.317427
 10257.004088     24215.239750     -4164.459789
 10169.434376     24473.943276     -2279.969673
 10040.752180     24602.367350      -378.115496
  9860.186501     24603.312103      1526.620796
  9617.585478     24481.216699      3419.651729
  9303.620384     24242.083103      5286.395645
  8909.977798     23893.373114      7112.390579
  8429.536321     23443.880032      8883.409761
  7856.524400     22903.576871     10585.577766
  7186.656070     22283.443440     12205.486211
  6417.241738     21595.275134     13730.307866
  5547.271565     20851.476638     15147.907954
  4577.469439     20064.844152     16446.951388
  3510.316080     19248.340018     17617.004687
  2350.040393     18414.863892     18648.631289
  1102.578783     17577.024723     19533.479044
  -224.497168     16746.917884     20264.358706
 -1622.083663     15935.911757     20835.312325
 -3079.676607     15154.447925     21241.670585
 -4585.530198     14411.858933     21480.098220
 -6126.839316     13716.207201     21548.626851
 -7689.942334     13074.148303     21446.674719
 -9260.540509     12490.821320     21175.053015
-10823.929767     11969.768389     20735.958677
-12365.240411     11512.885019     20132.953762
-13869.680155     11120.402038     19370.931657
-15322.775793     10790.899397     18456.070644
-16710.608908     10521.351423     17395.775457
-18020.041155     10307.202388     16198.607675
-19238.924934     10142.470743     14874.205921
-20356.295614     10019.879722     13433.196959
-21362.541889      9931.011573     11887.098867
-22249.551348      9866.482212     10248.217550
-23010.828883      9816.132768      8529.537855
-23641.586131      9769.234222      6744.610619
-24138.800748      9714.701153      4907.436901
-24501.244904      9641.310549      3032.350670
-24729.482985      9537.921621      1133.901119
-24825.839047      9393.692631      -773.264256
-24794.335102      9198.290929     -2674.514804
-24640.601808      8942.092586     -4555.349142
-24371.763571      8616.368301     -6401.504034
-23996.300441      8213.452578     -8199.058978
-23523.889539      7726.893545     -9934.535905
-22965.228969      7151.581156    -11594.993437
-22331.847431      6483.851953    -13168.115299
-21635.902840      5721.568972    -14642.292532
-20889.973386      4864.175804    -16006.699263
-20106.844478      3912.724258    -17251.361828
-19299.295010      2869.875473    -18367.221138
-18479.886319      1739.874745    -19346.188206
-17660.757086       528.500690    -20181.192797
-16853.427309      -757.010228    -20866.225207
-16068.614273     -2108.062488    -21396.371181
-15316.063226     -3514.821956    -21767.840018
-14604.395263     -4966.356034    -21977.985885
-13940.974603     -6450.791340    -22025.322397
-13331.797202     -7955.486474    -21909.530501
-12781.402316     -9467.217264    -21631.459684
-12292.808312    -10972.371709    -21193.122537
-11867.473692    -12457.151694    -20597.682695
-11505.283940    -13907.778485    -19849.436131
-11204.564456    -15310.698898    -18953.785829
-10962.119483    -16652.789062    -17917.209805
-10773.296539    -17921.552653    -16747.222487
-10632.075542    -19105.310564    -15452.329427
-10531.181404    -20193.379010    -14041.975382
-10462.218552    -21176.233243    -12526.485780
-10415.825452    -22045.654157    -10917.001627
-10381.846886    -22794.855326     -9225.407972
-10349.521431    -23418.588193     -7464.256051
-10307.681256    -23913.223492     -5646.679346
-10244.961136    -24276.807227     -3786.303793
-10150.013319    -24509.089975     -1897.152524
-10011.724719    -24611.528619         6.454447
 -9819.432757    -24587.260072      1910.005063
 -9563.136123    -24441.047030      3798.903963
 -9233.696668    -24179.196228      5658.584405
 -8823.028729    -23809.450199      7474.622543
 -8324.272298    -23340.854034      9232.853144
 -7731.946612    -22783.599096     10919.485739
 -7042.081056    -22148.846162     12521.220092
 -6252.320582    -21448.530883     14025.359844
 -5362.003280    -20695.154861     15419.923093
 -4372.208187    -19901.566015     16693.748664
 -3285.772024    -19080.732170     17836.596789
 -2107.274042    -18245.512046     18839.242945
  -842.988895    -17408.427932     19693.563620
   499.192013    -16581.444392     20392.612848
  1909.869501    -15775.757275     20930.688455
  3378.274138    -15001.597165     21303.387042
  4892.429911    -14268.051149     21507.646924
  6439.341035    -13582.906424     21541.778349
  8005.198452    -12952.518864     21405.480552
  9575.602077    -12381.709136     21099.845349
 11135.794561    -11873.688382     20627.347221
 12670.902049    -11430.014895     19991.819993
 14166.177314    -11050.582523     19198.420454
 15607.240590    -10733.640912     18253.579434
 16980.313525    -10475.846997     17164.941042
 18272.441827    -10272.346553     15941.290916
 19471.702508    -10116.883961     14592.474496
 20567.391932    -10001.937845     13129.306425
 21550.191369     -9918.879712     11563.472272
 22412.307244     -9858.152324      9907.423855
 23147.583796     -9809.464211      8174.269433
 23751.586488     -9761.996484      6377.660076
 24221.655079     -9704.617936      4531.673494
 24556.925858     -9626.104380      2650.696550
 24758.323155     -9515.358181       749.307648
 24828.520783     -9361.624008     -1157.839919
 24771.874592     -9154.697045     -3056.132633
 24594.327793     -8885.120105     -4931.108522
 24303.291155     -8544.366372     -6768.565233
 23907.500521     -8125.004860     -8554.663679
 23416.854440     -7620.846018    -10276.026673
 22842.234915     -7027.065313    -11919.832044
 22195.314511     -6340.303058    -13473.899822
 21488.353169     -5558.739140    -14926.773167
 20733.988148     -4682.141765    -16267.792811
 19945.020553     -3711.889737    -17487.164829
 19134.201882     -2650.968205    -18576.021628
 18314.023920     -1503.938227    -19526.476082
 17496.515239      -276.880845    -20331.668807
 16693.047370      1022.683236    -20985.808543
 15914.153536      2385.896970    -21484.205699
 15169.362631      3802.691570    -21823.299083
 14467.050858      5261.930408    -22000.675854
 13814.313189      6751.569942    -22015.084752
 13216.856507      8258.835242    -21866.442622
 12678.915992      9770.407421    -21555.834293