 -2509.218504     15066.618497    -21676.836122
 -4157.717563     15094.861978    -21400.230561
 -5777.256147     15178.905808    -20959.020197
 -7353.737070     15315.096952    -20356.579830
 -8873.697278     15498.278487    -19597.531649
-10324.514846     15721.884137    -18687.709499
-11694.601618     15978.058504    -17634.113481
-12973.578173     16257.800912    -16444.855234
-14152.428090     16551.130289    -15129.094374
-15223.628858     16847.268200    -13696.966607
-16181.257203     17134.836772    -12159.504132
-17021.067044     17402.068022    -10528.548995
-17740.538778     17637.020886     -8816.660144
-18338.899127     17827.802106     -7037.014943
-18817.111265     17962.787088     -5203.305995
-19177.835496     18030.836846     -3329.634126
-19425.361257     18021.507207     -1430.398411
-19565.511724     17925.246625       479.815838
-19605.522787     17733.579144      2386.350224
-19553.898564     17439.269328      4274.586638
-19420.246083     17036.466295      6130.059945
-19215.092054     16520.824371      7938.569107
-18949.684991     15889.598298      9686.285874
-18635.786161     15141.711365     11359.860211
-18285.453022     14277.795325     12946.521671
-17910.818931     13300.201434     14434.175967
-17523.872928     12212.982446     15811.496025
-17136.243404     11021.845917     17068.006891
-16758.989360      9734.079635     18194.163871
-16402.402833      8358.450466     19181.423399
-16075.825839      6905.078377     20022.306123
-15787.484943      5385.287772     20710.451824
-15544.346227      3811.438685     21240.665802
-15351.993105      2196.740692     21608.956454
-15214.529005       555.052665     21812.563812
-15134.506535     -1099.328230     21849.978888
-15112.884289     -2751.884787     21720.953731
-15149.011985     -4388.101586     21426.502169
-15240.644144     -5993.686702     20968.891249
-15383.982053     -7554.789600     20351.623487
-15573.743265     -9058.211585     19579.410048
-15803.257446    -10491.605323     18658.135093
-16064.586920    -11843.660102     17594.811525
-16348.669877    -13104.269781     16397.528465
-16645.483799    -14264.680617     15075.390824
-16944.226350    -15317.616545     13638.451383
-17233.510654    -16257.379801     12097.635855
-17501.571668    -17079.925246     10464.661436
-17736.480133    -17782.907135      8751.949410
-17926.360488    -18365.697563      6972.532399
-18059.609023    -18829.376271      5139.956908
-18125.108552    -19176.691999      3268.181837
-18112.435937    -19411.996014      1371.473666
-18012.058868    -19541.148942      -535.700936
-17815.518536    -19571.402471     -2438.784317
-17515.594974    -19511.257914     -4323.238081
-17106.452214    -19370.304043     -6174.653534
-16583.760666    -19159.036930     -7978.861531
-15944.794528    -18888.664882     -9722.040904
-15188.502471    -18570.901800    -11390.824622
-14315.550258    -18217.752510    -12972.402870
-13328.334447    -17841.293762    -14454.622251
-12230.966829    -17453.454696    -15826.080284
-11029.229741    -17065.800571    -17076.214461
 -9730.502914    -16689.323539    -18195.385111
 -8343.662986    -16334.244116    -19174.951376
 -6878.957326    -16009.826844    -20007.339657
 -5347.854246    -15724.213387    -20686.103931
 -3762.872094    -15484.276024    -21205.977402
 -2137.390132    -15295.494144    -21562.915027
  -485.444388    -15161.855939    -21754.126512
  1178.488011    -15085.787085    -21778.099475
  2839.712337    -15068.107684    -21634.612529
  4483.543733    -15108.018273    -21324.738153
  6095.534739    -15203.115182    -20850.835273
  7661.698926    -15349.434991    -20216.531604
  9168.726774    -15541.527327    -19426.695865
 10604.190047    -15772.554735    -18487.400079
 11956.731122    -16034.417875    -17405.872268
 13216.234013    -16317.903819    -16190.439922
 14373.974112    -16612.854856    -14850.464720
 15422.744111    -16908.354795    -13396.269042
 16356.953917    -17192.929491    -11839.054901
 17172.702914    -17454.758030    -10190.815975
 17867.823349    -17681.890847     -8464.243478
 18441.894182    -17862.470925     -6672.626671
 18896.225225    -17984.954178     -4829.748840
 19233.811955    -18038.325129     -2949.779615
 19459.261862    -18012.304112     -1047.164514
 19578.693728    -17897.542352       863.487373
 19599.611666    -17685.801539      2767.516651
 19530.756216    -17370.114755      4650.326928
 19381.935153    -16944.925971      6497.497257
 19163.837039    -16406.205720      8294.892842
 18887.830793    -15751.540952     10028.773135
 18565.754830    -14980.197541     11685.896513
 18209.699442    -14093.154410     13253.620745
 17831.786206    -13093.108700     14719.998512
 17443.948254    -11984.451927     16073.867272
 17057.715175    -10773.217577     17304.932859
 16684.006254     -9467.001041     18403.846202
 16332.935563     -8074.853304     19362.272662
 16013.632223     -6607.150188     20172.953514
 15734.078884     -5075.439412     20829.759178
 15500.971123     -3492.268053     21327.733853
 15319.600128     -1870.993334     21663.131300
 15193.760618      -225.579931     21833.441540
 15125.685512      1429.612786     21837.408341
 15116.008416      3080.050024     21675.037406
 15163.754525      4711.243671     21347.595243
 15266.360052      6308.973527     20857.598745
 15419.719828      7859.503989     20208.795611
 15618.262234      9349.792568     19406.135732
 15855.050180     10767.686790     18455.733784
 16121.906413     12102.106201     17364.823290
 16409.561007     13343.206465     16141.702479
 16707.818556     14482.522826     14795.672311
 17005.742223     15513.090558     13336.967119
 17291.851536     16429.540406     11776.678311
 17554.330575     17228.167421     10126.671685
 17781.243021     17906.972061      8399.498909
 17960.750420     18465.672861      6608.303773
 18081.329934     18905.690467      4766.723869
 18131.987863     19230.103297      2888.788376
 18102.465279     19443.575574       988.812667
 17983.432233     19552.258945      -918.709507
 17766.667166     19563.669333     -2819.215497
 17445.218406     19486.541114     -4698.184099
 17013.544917     19330.661078     -6541.245948
 16467.633797     19106.685008     -8334.293147
 15805.092422     18825.939999    -10063.587302
 15025.213557     18500.215907    -11715.865133
 14129.012185     18141.549500    -13278.440840
 13119.233313     17762.005048    -14739.304417
 12000.330504     17373.455136    -16087.215124
 10778.415370     16987.365522    -17311.789357
  9461.178789     16614.587777    -18403.582177
  8057.785092     16265.163350    -19354.161836
  6578.740930     15948.142499    -20156.176626
  5035.741008     15671.421280    -20803.413498
  3441.493261     15441.599487    -21290.847920
  1809.526421     15263.862071    -21614.684515
   153.983261     15141.886163    -21772.388105
 -1510.596958     15077.775367    -21762.704865
 -3169.503105     15072.022528    -21585.673367