-11002.010605     24063.981948     -1063.861863
-11164.289328     23820.853713     -2918.654433
-11288.358099     23451.523891     -4750.873226
-11384.473158     22955.005335     -6546.300731
-11463.072459     22331.983447     -8290.971480
-11534.569699     21584.823490     -9971.285776
-11609.148601     20717.549120    -11574.121377
-11696.561238     19735.792338    -13086.942020
-11805.934148     18646.715536    -14497.901720
-11945.585862     17458.906910    -15795.943767
-12122.859277     16182.250987    -16970.893404
-12343.972063     14827.776501    -18013.543209
-12613.887929     13407.484330    -18915.730297
-12936.211221     11934.158561    -19670.404518
-13313.106855     10421.164105    -20271.686959
-13745.247098      8882.234545    -20714.918144
-14231.786223      7331.254084    -20996.695466
-14770.363487      5782.037566    -21114.899503
-15357.134354      4248.112578    -21068.709028
-15986.829345      2742.507583    -20858.604610
-16652.839348      1277.549881    -20486.360903
-17347.325763      -135.322983    -19955.027795
-18061.353338     -1485.735056    -19268.900736
-18785.043209     -2764.524095    -18433.480688
-19507.743234     -3963.871370    -17455.424236
-20218.212477     -5077.407049    -16342.484478
-20904.816418     -6100.289485    -15103.443415
-21555.729350     -7029.257270    -13748.036629
-22159.140314     -7862.653394    -12286.871049
-22703.458911     -8600.421390    -10731.336702
-23177.517389     -9244.073821     -9093.513317
-23570.765508     -9796.633973     -7386.072682
-23873.454872    -10262.552046     -5622.177667
-24076.809642    -10647.597586     -3815.378776
-24173.180824    -10958.730259     -1979.509102
-24156.181639    -11203.951416      -128.578519
-24020.801855    -11392.139176      1723.332103
-23763.499304    -11532.869985      3562.175901
-23382.267251    -11636.229803      5374.043525
-22876.676653    -11712.618167      7145.264494
-22247.892789    -11772.548488      8862.505777
-21498.666137    -11826.447902     10512.867037
-20633.297814    -11884.460028     12083.972006
-19657.580241    -11956.253835     13564.055522
-18578.714135    -12050.841748     14942.045777
-17405.203231    -12176.409901     16207.641386
-16146.728508    -12340.163276     17351.382902
-14814.003979    -12548.188186     18364.718439
-13418.616376    -12805.334294     19240.063113
-11972.851291    -13115.118056     19970.851995
-10489.508558    -13479.649124     20551.586338
 -8981.709778    -13899.580907     20977.872827
 -7462.701051    -14374.086125     21246.455644
 -5945.654017    -14900.857779     21355.241140
 -4443.468368    -15476.135609     21303.314940
 -2968.578972    -16094.757688     21090.951326
 -1532.770687    -16750.236439     20719.614752
  -147.003853    -17434.857945     20191.953382
  1178.746690    -18139.803085     19511.784575
  2435.636423    -18855.288643     18684.072250
  3616.077359    -19570.726216     17714.896126
  4713.843523    -20274.896445     16611.412859
  5724.153821    -20956.135790     15381.809149
  6643.730828    -21602.532866     14035.246943
  7470.834345    -22202.131125     12581.800915
  8205.269009    -22743.134531     11032.388473
  8848.365651    -23214.112794      9398.692613
  9402.936524    -23604.202628      7693.077999
  9873.205005    -23903.301578      5928.500749
 10264.710770    -24102.250974      4118.412457
 10584.191932    -24193.004743      2276.659095
 10839.446029    -24168.780976       417.375477
 11039.172166    -24024.193434     -1445.123912
 11192.796974    -23755.360447     -3296.456887
 11310.287396    -23359.989089     -5122.287397
 11401.953568    -22837.432867     -6908.440256
 11478.245316    -22188.721665     -8641.015742
 11549.545921    -21416.563177    -10306.502997
 11625.966929    -20525.315553    -11891.891151
 11717.147766    -19520.931552    -13384.777066
 11832.063899    -18410.875024    -14773.468639
 11978.847135    -17204.011058    -16047.082583
 12164.621440    -15910.471672    -17195.635685
 12395.357395    -14541.499376    -18210.128584
 12675.748060    -13109.271384    -19082.621191
 13009.108609    -11626.707637    -19806.298953
 13397.301658    -10107.266116    -20375.529288
 13840.689693     -8564.729152    -20785.907612
 14338.115502     -7012.984661    -21034.292519
 14886.910966     -5465.806262    -21118.829791
 15482.934009     -3936.636299    -21038.965067
 16120.632979     -2438.375677    -20795.445125
 16793.137198      -983.184301    -20390.307861
 17492.371935       417.704350    -19826.861190
 18209.195603      1754.151249    -19109.651216
 18933.556587      3017.259560    -18244.420112
 19654.666740      4199.499604    -17238.054284
 20361.188349      5294.809010    -16098.523467
 21041.431110      6298.666504    -14834.811465
 21683.555548      7208.138283    -13456.839343
 22275.779226      8021.896434    -11975.381890
 22806.582079      8740.209360    -10401.978242
 23264.907309      9364.904702     -8748.837540
 23640.354346      9899.305679     -7028.740537
 23923.360643     10348.142263     -5254.938036
 24105.369235     10717.438989     -3441.047050
 24178.979347     11014.381589     -1600.945533
 24138.077616     11247.164945       251.333487
 23977.947877     11424.825155      2101.707595
 23695.357835     11557.058710      3936.149738
 23288.621350     11654.031946      5740.791344
 22757.635478     11726.184073      7502.023160
 22103.891818     11784.027096      9206.593190
 21330.462145     11837.946003     10841.701190
 20441.958704     11898.002510     12395.089193
 19444.469927     11973.745574     13855.127595
 18345.472735     12074.031754     15210.896379
 17153.722910     12206.858300     16452.261067
 15879.125366     12379.211653     17569.943058
 14532.586439     12596.933761     18555.584013
 13125.850586     12864.608343     19401.803976
 11671.324089     13185.468921     20102.252984
 10181.888586     13561.330085     20651.655870
  8670.707362     13992.543122     21045.850065
  7151.027477     14477.976750     21281.816161
  5635.980855     15015.023318     21357.701046
  4138.387486     15599.630454     21272.833442
  2670.563874     16226.357733     21027.731680
  1244.139798     16888.457569     20624.103593
  -130.113644     17577.979128     20064.838408
 -1442.441924     18285.893717     19353.990570
 -2684.248277     19002.239728     18496.755441
 -3848.215835     19716.284894     17499.436880
 -4928.408610     20416.703325     16369.406720
 -5920.349545     21091.764494     15115.056250
 -6821.074211     21729.531136     13745.739813
 -7629.159096     22318.062822     12271.710734
 -8344.723846     22845.621833     10704.049835
 -8969.407245     23300.877851      9054.586863
 -9506.317157     23673.107995      7335.815240
 -9959.955100     23952.388680      5560.800625
-10336.116568     24129.775949      3743.083829
-10641.768675     24197.470985      1896.578747
-10884.907075     24148.967802        35.466015
-11074.394565     23979.180301     -1825.916813