 17765.416350    -16608.171381    -11054.642636
 17427.592900    -15774.138496    -12676.156607
 17070.080222    -14821.014175    -14202.231902
 16705.010278    -13752.850458    -15621.271852
 16344.119086    -12575.394835    -16922.450446
 15998.537171    -11296.020442    -18095.794028
 15678.590324     -9923.629314    -19132.257947
 15393.614007     -8468.530049    -20023.797572
 15151.784602     -6942.291659    -20763.433097
 14959.970442     -5357.575797    -21345.307530
 14823.605293     -3727.949929    -21764.737323
 14746.586623     -2067.684354    -22018.255083
 14731.200614      -391.536311    -22103.643826
 14778.075451      1285.475329    -22019.962312
 14886.163964      2948.301089    -21767.560992
 15052.756216      4582.093749    -21348.088205
 15273.522109      6172.439084    -20764.486283
 15542.583552      7705.580495    -20020.977340
 15852.615216      9168.633569    -19123.038585
 16194.972349     10549.786754    -18077.367108
 16559.843619     11838.484493    -16891.834178
 16936.426468     13025.589466    -15575.429240
 17313.122007     14103.520872    -14138.193871
 17677.746053     15066.366138    -12591.146120
 18017.752599     15909.963877    -10946.195755
 18320.465704     16631.956429     -9216.051062
 18573.315584     17231.810893     -7414.117985
 18764.074577     17710.808133     -5554.392453
 18881.088611     18071.999860     -3651.346915
 18913.499848     18320.134495     -1719.812116
 18851.456351     18461.553125       225.144724
 18686.304807     18504.057460      2168.344139
 18410.762694     18456.752223      4094.619810
 18019.066656     18329.864924      5988.943868
 17507.094291     18134.546391      7836.550856
 16872.457110     17882.655812      9623.059095
 16114.562952     17586.534317     11334.588283
 15234.646758     17258.771348     12957.872168
 14235.769199     16911.968152     14480.365228
 13122.783300     16558.502797     15890.342404
 11902.269761     16210.301007     17176.990987
 10582.442320     15878.616984     18330.493904
  9173.024993     15573.828141     19342.103774
  7685.103581     15305.247380     20204.207182
  6130.954235     15080.956151     20910.378809
  4523.852296     14907.661128     21455.425119
  2877.864899     14790.576849     21835.417463
  1207.631111     14733.336174     22047.714566
  -471.866486     14737.929871     22090.974457
 -2145.534762     14804.676125     21965.156028
 -3798.403529     14932.220199     21671.510459
 -5415.855586     15117.563971     21212.562876
 -6983.849470     15356.124545     20592.084619
 -8489.131265     15641.820662     19815.056605
 -9919.432028     15967.185176     18887.624278
-11263.647730     16323.501465     17817.044705
-12511.998902     16700.961278     16611.626374
-13656.167561     17088.841203     15280.662297
-14689.409407     17475.694681     13834.357010
-15606.639676     17849.556286     12283.748063
-16404.491471     18198.154824     10640.622632
-17081.345873     18509.131731      8917.429813
-17637.333525     18770.261156      7127.189219
-18074.307864     18969.668176      5283.396438
-18395.790600     19096.041611      3399.925939
-18606.890443     19138.838016      1490.931971
-18714.196508     19088.473597      -429.251981
-18725.648178     18936.500972     -2346.214657
-18650.383566     18675.767965     -4245.568835
-18498.569047     18300.555844     -6113.052996
-18281.212591     17806.694800     -7934.632276
-18009.963899     17191.654723     -9696.598193
-17696.904540     16454.609765    -11385.666593
-17354.331455     15596.475531    -12989.073280
-16994.537303     14619.918168    -14494.666771
-16629.591219     13529.335048    -15890.997621
-16271.123540     12330.807167    -17167.403739
-15930.118060     11032.023828    -18314.091125
-15616.715270      9642.180622    -19322.209444
-15340.029905      8171.852144    -20183.921844
-15107.985949      6632.841306    -20892.468446
-14927.171980      5038.007508    -21442.222906
-14802.719465      3401.076320    -21828.741512
-14738.206273      1736.433631    -22048.804238
-14735.587265        58.907583    -22100.447260
-14795.153420     -1616.458200    -21982.986447
-14915.520482     -3274.636314    -21697.031388
-15093.647592     -4900.848330    -21244.489596
-15324.885903     -6480.794624    -20628.560571
-15603.056596     -8000.877287    -19853.719500
-15920.557226     -9448.412199    -18925.690476
-16268.494744    -10811.826451    -17851.409171
-16636.843101    -12080.837543    -16638.975066
-17014.622780    -13246.611021    -15297.593412
-17390.099225    -14301.893621    -13837.507231
-17750.996694    -15241.119348    -12269.919792
-18084.723752    -16060.486421    -10606.908109
-18378.606350    -16758.003551     -8861.328157
-18620.124246    -17333.504547     -7046.712559
-18797.146414    -17788.630872     -5177.161693
-18898.161082    -18126.782364     -3267.229178
-18912.496096    -18353.036960     -1331.802838
-18830.525487    -18474.040849       614.017695
-18643.858335    -18497.871069      2555.045542
-18345.506405    -18433.873097      4476.132055
-17930.027370    -18292.476467      6362.291950
-17393.640969    -18084.991876      8198.826849
-16734.315940    -17823.393588      9971.445988
-15951.826134    -17520.091223     11666.382920
-15047.774844    -17187.695188     13270.507074
-14025.586964    -16838.780141     14771.429123
-12890.469231    -16485.650824     16157.599210
-11649.339399    -16140.114586     17418.397181
-10310.725771    -15813.264701     18544.214072
 -8884.639059    -15515.278346     19526.524246
 -7382.419032    -15255.232819     20357.947671
 -5816.558839    -15040.943138     21032.301980
 -4200.510290    -14878.823766     21544.644052
 -2548.473647    -14773.776726     21891.300993
  -875.175711    -14729.107825     22069.890507
   804.359830    -14746.472226     22079.330736
  2475.045802    -14825.850016     21919.839771
  4121.964659    -14965.551925     21592.925098
  5730.597364    -15162.254797     21101.363339
  7287.044230    -15411.065911     20449.170712
  8778.234101    -15705.614797     19641.564663
 10192.118501    -16038.170710     18684.917207
 11517.847707    -16399.783571     17586.700517
 12745.926002    -16780.445797     16355.425339
 13868.343778    -17169.272155     15000.572825
 14878.684545    -17554.694515     13532.520386
 15772.205321    -17924.668188     11962.462158
 16545.889336    -18266.886376     10302.324705
 17198.470399    -18568.999200      8564.678527
 17730.428753    -18818.833695      6762.645981
 18143.958660    -19004.611219      4909.806190
 18442.908396    -19115.158759      3020.097498
 18632.693759    -19140.110752      1107.718040
 18720.186574    -19070.098191      -812.975032
 18713.580067    -18896.921984     -2727.567117
 18622.233312    -18613.707807     -4621.687997
 18456.497267    -18215.039935     -6481.113399
 18227.525205    -17697.071882     -8291.865747
 17947.070576    -17057.612017    -10040.313575
 17627.275529    -16296.182695    -11713.269054