 23219.973795     13033.892759      1775.521974
 23152.472516     13331.329715       -14.953583
 22978.286305     13564.547196     -1805.323902
 22693.683193     13742.061837     -3582.166737
 22296.279031     13872.961313     -5332.240587
 21785.083400     13966.727467     -7042.574853
 21160.523400     14033.055456     -8700.556131
 20424.445239     14081.671830    -10294.010349
 19580.093901     14122.154400    -11811.280581
 18632.071447     14163.756618    -13241.300342
 17586.274815     14215.239108    -14573.662292
 16449.814215     14284.710817    -15798.682237
 15230.913495     14379.482076    -16907.458369
 13938.794035     14505.931691    -17891.925704
 12583.543962     14669.389941    -18744.905656
 11175.974627     14874.039171    -19460.150700
  9727.466450     15122.833396    -20032.384045
  8249.806376     15417.438102    -20457.334249
  6755.019283     15758.191165    -20731.764660
  5255.195774     16144.085524    -20853.497548
  3762.318844     16572.773985    -20821.432790
  2288.091950     17040.596219    -20635.560905
   843.771025     17542.627756    -20296.970243
  -559.997051     18072.750432    -19807.848094
 -1913.327038     18623.743493    -19171.475481
 -3207.236601     19187.394212    -18392.215356
 -4433.773943     19754.626599    -17475.493962
 -5586.129684     20315.646479    -16427.775088
 -6658.731006     20860.100912    -15256.526982
 -7647.316308     21377.249676    -13970.181712
 -8548.988880     21856.146253    -12578.086806
 -9362.248365     22285.825531    -11090.449044
-10086.999129     22655.495255     -9518.270380
-10724.534966     22954.728047     -7873.276018
-11277.500020     23173.650743     -6167.834787
-11749.826124     23303.127695     -4414.872082
-12146.647267     23334.934685     -2627.775726
-12474.192274     23261.920139      -820.295292
-12739.657264     23078.150470       993.564480
-12951.059847     22779.036534      2799.655362
-13117.077485     22361.438491      4583.801477
-13246.872758     21823.746659      6331.918220
-13349.908688     21165.936379      8030.133067
-13435.757487     20389.595368      9664.906938
-13513.906393     19497.922565     11223.154743
-13593.564333     18495.698048     12692.363621
-13683.473254     17389.224179     14060.707383
-13791.727933     16186.238782     15317.155668
-13925.607939     14895.801746     16451.576322
-14091.425218     13528.157039     17454.829620
-14294.390481     12094.572704     18318.853026
-14538.501169     10607.161873     19036.735321
-14826.453322      9078.688291     19602.779119
-15159.579169      7522.360182     20012.550940
-15537.811685      5951.616548     20262.918259
-15959.676756      4379.910135     20352.073134
-16422.313020      2820.491342     20279.542273
-16921.518817      1286.197313     20046.183606
-17451.825136      -210.749745     19654.169654
-18006.592881     -1658.931208     19106.958188
-18578.132321     -3047.904175     18409.250856
-19157.842142     -4368.354070     17566.940623
-19736.365180     -5612.225117     16587.048989
-20303.757653     -6772.826618     15477.654057
-20849.668494     -7844.913516     14247.810617
-21363.525310     -8824.740267     12907.463416
-21834.723425     -9710.087575     11467.354838
-22252.814549    -10500.262094      9938.928181
-22607.691704    -11196.069700      8334.227702
-22889.767201    -11799.763375      6665.796521
-23090.140722    -12314.967199      4946.573441
-23200.754793    -12746.578273      3189.789621
-23214.535261    -13100.648749      1408.865968
-23125.514697    -13384.250376      -382.687966
-22928.937006    -13605.324178     -2171.372951
-22621.341864    -13772.518047     -3943.796289
-22200.627970    -13895.015104     -5686.764826
-21666.094444    -13982.355770     -7387.374336
-21018.460057    -14044.256459     -9033.094984
-20259.860289    -14090.427799    -10611.852590
-19393.822559    -14130.395198    -12112.105525
-18425.220247    -14173.324486    -13522.917078
-17360.206410    -14227.855222    -14834.023194
-16206.128364    -14301.944106    -16035.895506
-14971.424535    -14402.720754    -17119.799599
-13665.505191    -14536.357905    -18077.848445
-12298.618882    -14707.957896    -18903.050981
-10881.706558    -14921.457047    -19589.355753
 -9426.245508    -15179.549323    -20131.689557
 -7944.085379    -15483.630396    -20525.991003
 -6447.278649    -15833.762986    -20769.238879
 -4947.907973    -16228.664048    -20859.475180
 -3457.912938    -16665.714136    -20795.822648
 -1988.918735    -17140.988942    -20578.496624
  -552.069291    -17649.312732    -20208.811011
   842.132626    -18184.333119    -19689.178112
  2183.975862    -18738.616263    -19023.102082
  3464.679531    -19303.761328    -18215.165750
  4676.517585    -19870.532701    -17271.010541
  5812.927207    -20429.008182    -16197.309246
  6868.599098    -20968.741078    -15001.731399
  7839.547940    -21478.933846    -13692.901068
  8723.161606    -21948.620694    -12280.346892
  9518.227944    -22366.856305    -10774.444259
 10224.938327    -22722.907655     -9186.349612
 10844.867483    -23006.445767     -7527.926932
 11380.929540    -23207.734072     -5811.666559
 11837.310611    -23317.810066     -4050.596651
 12219.378684    -23328.656884     -2258.187655
 12533.572014    -23233.361508      -448.250358
 12787.267659    -23026.256481      1365.171809
 12988.632226    -22703.042140      3167.915381
 13146.457301    -22260.886740      4945.813430
 13269.982418    -21698.502121      6684.814972
 13368.708738    -21016.193041      8371.105997
 13452.206913    -20215.878743      9991.230785
 13529.922770    -19301.085884     11532.212097
 13610.984621    -18276.912517     12981.668758
 13704.016029    -17149.963413     14327.929143
 13816.957809    -15928.257655     15560.139051
 13956.902929    -14621.110017     16668.362529
 14129.947698    -13238.988237     17643.674254
 14341.062369    -11793.348853     18478.242197
 14593.983831    -10296.454744     19165.399453
 14891.132628     -8761.177940     19699.704254
 15233.555995     -7200.791599     20076.987419
 15620.898045     -5628.755271     20294.386670
 16051.397623     -4058.497709     20350.367485
 16521.913777     -2503.201503     20244.730382
 17027.978148      -975.593736     19978.604753
 17563.873053       512.253319     19554.429577
 18122.733497      1949.107733     18975.921553
 18696.670866      3324.746285     18248.031357
 19276.915641      4630.102721     17376.888900
 19853.976176      5857.393415     16369.738581
 20417.810278      7000.218481     15234.865622
 20958.006186      8053.636925     13981.514654
 21463.969449      9014.214961     12619.801744
 21925.112173      9880.047184     11160.621071
 22331.041196     10650.750786      9615.547455
 22671.741833     11327.433516      7996.735863
 22937.754065     11912.636532      6316.819020
 23120.338242     12410.253707      4588.804116
 23211.627667     12825.429283      2825.969561
 23204.765726     13164.436115      1041.762632