-10649.821869    -14165.265169    -20517.800728
 -9151.618647    -14167.986850    -21228.123418
 -7607.829710    -14229.008547    -21785.699012
 -6031.838378    -14351.380678    -22186.465131
 -4437.384906    -14536.594907    -22427.414571
 -2838.371577    -14784.551716    -22506.616345
 -1248.665014    -15093.552626    -22423.232478
   318.101655    -15460.317373    -22177.530429
  1848.724092    -15880.026033    -21770.890918
  3330.616795    -16346.385845    -21205.810882
  4751.995200    -16851.722137    -20485.901237
  6102.047163    -17387.092508    -19615.879069
  7371.091187    -17942.423054    -18601.553836
  8550.718856    -18506.665131    -17449.807130
  9633.919053    -19067.970803    -16168.565538
 10615.181674    -19613.884789    -14766.766108
 11490.578768    -20131.550386    -13254.313989
 12257.821266    -20607.926523    -11642.031795
 12916.289744    -21030.012774     -9941.600335
 13467.038001    -21385.078881     -8165.490415
 13912.768645    -21660.895077     -6326.885522
 14257.780276    -21845.959268     -4439.595342
 14507.886383    -21929.717003     -2517.960206
 14670.306550    -21902.770052      -576.746744
 14753.531160    -21757.069408      1368.964762
 14767.161327    -21486.088608      3303.900648
 14721.726399    -21084.973473      5212.720816
 14628.481919    -20550.664621      7080.151212
 14499.191490    -19881.989548      8891.120460
 14345.896503    -19079.721566     10630.899032
 14180.678077    -18146.603508     12285.239194
 14015.415948    -17087.334830     13840.513768
 13861.549239    -15908.521536     15283.851676
 13729.844192    -14618.589190     16603.268125
 13630.173886    -13227.660172     17787.787345
 13571.314817    -11747.397223     18827.555797
 13560.764931    -10190.816178     19713.943927
 13604.587194     -8572.071581     20439.634710
 13707.282276     -6906.219586     20998.697454
 13871.693200     -5208.963156     21386.645673
 14098.944050     -3496.384984     21600.478090
 14388.413990     -1784.673892     21638.702265
 14737.746995       -89.850563     21501.340653
 15142.896823      1572.501574     21189.919288
 15598.205909      3187.494703     20707.439643
 16096.516103      4741.178980     20058.334525
 16629.308459      6220.764139     19248.409163
 17186.868688      7614.816224     18284.768873
 17758.474404      8913.425998     17175.734878
 18332.599938     10108.346338     15930.749986
 18897.134249     11193.096721     14560.275901
 19439.607369     12163.033675     13075.683967
 19947.420805     13015.386828     11489.141097
 20408.077461     13749.260939      9813.492605
 20809.406839     14365.604910      8062.143498
 21139.781553     14867.149416      6248.939687
 21388.321577     15258.315259      4388.050410
 21545.083001     15545.095015      2493.852972
 21601.228527     15734.910845       580.820761
 21549.177380     15836.451645     -1336.584702
 21382.732749     15859.492837     -3244.017063
 21097.185326     15814.702266     -5127.343356
 20689.391957     15713.435668     -6972.736822
 20157.828814     15567.525178     -8766.764162
 19502.618903     15389.064294    -10496.467150
 18725.534082     15190.192598    -12149.438617
 17829.972091     14982.883395    -13713.892911
 16820.909414     14778.737290    -15178.730969
 15704.831057     14588.784524    -16533.600174
 14489.638589     14423.298686    -17768.949209
 13184.537996     14291.624238    -18876.078108
 11799.909115     14202.020020    -19847.183689
 10347.158578     14161.520740    -20675.400567
  8838.558360     14175.818151    -21354.837878
  7287.072154     14249.163446    -21880.611819
  5706.171921     14384.292116    -22248.874085
  4109.647047     14582.372283    -22456.836197
  2511.408662     14842.977276    -22502.789673
   925.291701     15164.082942    -22386.121949
  -635.142631     15542.089933    -22107.327885
 -2156.801297     15971.870915    -21668.016608
 -3627.248074     16446.842369    -21070.913439
 -5034.883699     16959.060367    -20319.856548
 -6369.114850     17499.339359    -19419.787950
 -7620.509347     18057.392737    -18376.738430
 -8780.935060     18621.993584    -17197.805932
 -9843.680105     19181.153680    -15891.126936
-10803.552109     19722.318529    -14465.840372
-11656.954500     20232.575796    -12932.043586
-12401.938040     20698.874260    -11300.739974
-13038.226114     21108.250040     -9583.777901
-13567.212641     21448.056590     -7793.780649
-13991.931863     21706.194704     -5944.067224
-14316.999726     21871.338565     -4048.564001
-14548.527036     21933.153720     -2121.707347
-14694.005143     21882.502818      -178.337527
-14762.165407     21711.634909      1766.415573
-14762.814344     21414.354260      3697.254156
-14706.646869     20986.164805      5598.840701
-14605.040671     20424.386681      7455.931414
-14469.835265     19728.241733      9253.513511
-14313.099747     18898.905392     10976.944704
-14146.893727     17939.522980     12612.093064
-13983.026189     16855.189231     14145.475295
-13832.817273     15652.890608     15564.391350
-13706.868051     14341.410885     16857.053273
-13614.843303     12931.201309     18012.706139
-13565.272128     11434.217582     19021.739080
-13565.370879      9863.726718     19875.784464
-13620.892421      8234.087636     20567.803538
-13736.005143      6560.510014     21092.157064
-13913.204431      4858.796525     21444.659795
-14153.258517      3145.073944     21622.617958
-14455.189804      1435.518942     21624.849284
-14816.291871      -253.915605     21451.685485
-15232.181510     -1907.767973     21104.957437
-15696.884332     -3511.323089     20587.963693
-16202.951692     -5050.851010     19905.423246
-16741.606017     -6513.823764     19063.413745
-17302.911047     -7889.106533     18069.296605
-17875.963029     -9167.119919     16931.630610
-18449.098573    -10339.970736     15660.075732
-19010.114683    -11401.549601     14265.288949
-19546.496379    -12347.594346     12758.813864
-20045.647359    -13175.719069     11152.965867
-20495.119291    -13885.409297      9460.714525
-20882.835544    -14477.984438      7695.564741
-21197.305477    -14956.529229      5871.438121
-21427.825766    -15325.796412      4002.555780
-21564.665634    -15592.083260      2103.323685
-21599.233314    -15763.084901       188.221437
-21524.221503    -15847.727636     -1728.304769
-21333.730011    -15855.985618     -3631.944436
-21023.364287    -15798.684321     -5508.619902
-20590.308885    -15687.294312     -7344.578030
-20033.375395    -15533.718757     -9126.476308
-19353.024712    -15350.078073    -10841.463306
-18551.363893    -15148.494987    -12477.253519
-17632.118168    -14940.883160    -14022.196714
-16600.578984    -14738.742326    -15465.341916
-15463.529226    -14552.962746    -16796.496226
-14229.146990    -14393.641564    -18006.278673
-12906.889524    -14269.913418    -19086.169309
-11507.359130    -14189.797480    -20028.553717
-10042.152984    -14160.062833    -20826.763143