 -4254.840089     24935.954461      7856.196986
 -4658.834834     25323.197194      6084.831456
 -5006.758224     25595.619905      4266.358388
 -5306.801772     25746.405716      2414.745747
 -5567.956979     25770.211408       544.317594
 -5799.833933     25663.276358     -1330.359492
 -6012.466922     25423.505381     -3194.595026
 -6216.110538     25050.523444     -5033.697177
 -6421.030027     24545.700705     -6833.098071
 -6637.289857     23912.146901     -8578.480480
 -6874.544616     23154.674706    -10255.904463
 -7141.836398     22279.732336    -11851.932434
 -7447.402755     21295.306307    -13353.751109
 -7798.499190     20210.795918    -14749.288751
 -8201.239859     19036.861666    -16027.326167
 -8660.459834     17785.250381    -17177.599965
 -9179.601849     16468.600409    -18190.896697
 -9760.629906     15100.230629    -19059.136611
-10403.971571     13693.917454    -19775.445918
-11108.490147     12263.664243    -20334.216678
-11871.487278     10823.467703    -20731.153585
-12688.735838      9387.085902    -20963.307190
-13554.542349      7967.812449    -21029.093302
-14461.837505      6578.261221    -20928.298558
-15402.292828      5230.165717    -20662.072367
-16366.460927      3934.196763    -20232.905645
-17343.936418      2699.801834    -19644.596952
-18323.534155      1535.068729    -18902.206809
-19293.481173       446.615796    -18012.001118
-20241.618547      -560.489710    -16981.384718
-21155.609247     -1482.784133    -15818.826189
-22023.148102     -2318.430400    -14533.775084
-22832.170019     -3067.211676    -13136.572773
-23571.052777     -3730.496403    -11638.358096
-24228.810904     -4311.175987    -10050.968982
-24795.277441     -4813.576809     -8386.841167
-25261.270693     -5243.348668     -6658.905046
-25618.743435     -5607.332078     -4880.481648
-25860.912388     -5913.407139     -3065.178626
-25982.366231     -6170.326894     -1226.787052
-25979.150740     -6387.538271       620.820269
-25848.830125     -6574.993766      2463.788356
-25590.523971     -6742.957109      4288.376960
-25204.919599     -6901.806117      6081.054385
-24694.260041     -7061.835900      7828.587851
-24062.308141     -7233.065504      9518.130122
-23314.287644     -7425.050927     11137.302159
-22456.802430     -7646.707304     12674.271606
-21497.735318     -7906.142872     14117.826978
-20446.128130     -8210.507104     15457.447422
-19312.044918     -8565.855189     16683.367964
-18106.420463     -8977.030781     17786.640151
-16840.896323     -9447.568680     18759.187998
-15527.646851     -9979.618843     19593.859153
-14179.197733    -10573.892834     20284.471181
-12808.239691    -11229.633522     20825.852823
-11427.440034    -11944.608559     21213.880111
-10049.254831    -12715.127825     21445.507144
 -8685.744451    -13536.084754     21518.791336
 -7348.395207    -14401.021104     21432.912906
 -6047.949814    -15302.214432     21188.188354
 -4794.249266    -16230.787211     20786.077650
 -3596.088648    -17176.836192     20229.184829
 -2461.089230    -18129.580326     19521.251698
 -1395.589047    -19077.525228     18667.144331
  -404.553899    -20008.641881     17672.832042
   508.489498    -20910.557002     16545.358565
  1341.496805    -21770.752231     15292.805155
  2093.924701    -22576.769079     13924.245413
  2766.724161    -23316.416380     12449.691675
  3362.308018    -23977.976832     10880.032876
  3884.492923    -24550.409124      9226.963908
  4338.416223    -25023.542080      7502.906582
  4730.428762    -25388.257289      5720.922435
  5067.965072    -25636.656750      3894.617745
  5359.392871    -25762.212215      2038.041271
  5613.844257    -25759.893176       165.575382
  5841.031413    -25626.270694     -1708.178616
  6051.049995    -25359.594686     -3568.519981
  6254.173761    -24959.842731     -5400.771755
  6460.644230    -24428.738952     -7190.406455
  6680.459393    -23769.742123     -8923.172874
  6923.165587    -22988.002754    -10585.222524
  7197.656698    -22090.289541    -12163.234207
  7511.984755    -21084.886253    -13644.535133
  7873.185818    -19981.460728    -15017.217031
  8287.124804    -18790.908325    -16270.245693
  8758.362498    -17525.172735    -17393.562510
  9290.047564    -16197.047561    -18378.176600
  9883.835847    -14819.962559    -19216.246333
 10539.838653    -13407.758736    -19901.149161
 11256.601076    -11974.456779    -20427.538906
 12031.110769    -10534.023411    -20791.389840
 12858.836916     -9100.140292    -20990.027125
 13733.798478     -7685.979994    -21022.143422
 14648.660202     -6303.993370    -20887.801675
 15594.854282     -4965.712345    -20588.424356
 16562.725064     -3681.571756    -20126.769598
 17541.693759     -2460.753410    -19506.894874
 18520.439758     -1311.054980    -18734.109038
 19487.094900      -238.785827    -17814.913668
 20429.446863       751.308790    -16756.934756
 21335.147770      1656.094252    -15568.845896
 22191.924106      2474.063583    -14260.284121
 22987.784130      3205.325221    -12841.759610
 23711.219135      3851.562399    -11324.560429
 24351.395124      4415.965468     -9720.653477
 24898.331750      4903.138956     -8042.582746
 25343.065705      5318.985507     -6303.365919
 25677.796083      5670.569218     -4516.390279
 25896.009642      5965.961118     -2695.308799
 25992.584262      6214.069756      -853.937193
 25963.869332      6424.460005       993.847390
 25807.742164      6607.163263      2834.205424
 25523.639952      6772.482286      4653.431328
 25112.567163      6930.793864      6438.046607
 24577.078609      7092.352475      8174.889491
 23921.238801      7267.097989      9851.200774
 23150.558501      7464.470321     11454.705637
 22271.909687      7693.233806     12973.691279
 21293.420406      7961.313846     14397.080216
 20224.351262      8275.648198     15714.499144
 19074.955482      8642.055009     16916.343259
 17856.324690      9065.119483     17993.835955
 16580.222723      9548.100786     18939.083817
 15258.909925     10092.860533     19745.126811
 13904.960485     10699.813891     20405.983555
 12531.075477     11367.904076     20916.691565
 11149.894324     12094.600682     21273.342295
  9773.807427     12875.921993     21473.110816
  8414.772720     13706.481107     21514.279926
  7084.138891     14579.555383     21396.258440
  5792.477949     15487.178402     21119.593424
  4549.429730     16420.253314     20685.976075
  3363.560824     17368.686113     20098.240947
  2242.240260     18321.537080     19360.358234
  1191.534066     19267.188337     18477.418761
   216.120648     20193.525128     17455.611414
  -680.771392     21088.128212     16302.192702
 -1497.401621     21938.474475     15025.448208
 -2233.531317     22732.142650     13634.645715
 -2890.411538     23457.020863     12139.979880
 -3470.745475     24101.512568     10552.508375
 -3978.625260     24654.737335      8884.079540
 -4419.443869     25106.722947      7147.251670