 -1862.541069    -21198.873648     15429.439697
  -954.027789    -20304.894751     16662.726370
    40.161595    -19372.630265     17764.423766
  1116.859378    -18415.036721     18725.840949
  2271.279507    -17444.908740     19539.431942
  3497.076901    -16474.657251     20198.859375
  4786.435796    -15516.096300     20699.046380
  6130.185379    -14580.242503     21036.216227
  7517.940430    -13677.130924     21207.919394
  8938.264182    -12815.650763     21213.047920
 10378.850208    -12003.403834     21051.837118
 11826.719780    -11246.588299     20725.854854
 13268.430910    -10549.909565     20237.978793
 14690.295072     -9916.519718     19592.362159
 16078.597579     -9347.986249     18794.388671
 17419.817534     -8844.290254     17850.617441
 18700.843419     -8403.853737     16768.718710
 19909.180514     -8023.595070     15557.401361
 21033.146589     -7699.011178     14226.333183
 22062.052617     -7424.284566     12786.054907
 22986.365589     -7192.412888     11247.889022
 23797.850907     -6995.358403      9623.844361
 24489.692246     -6824.214414      7926.517443
 25056.587224     -6669.385531      6168.991488
 25494.817645     -6520.778468      4364.733989
 25802.293553     -6367.999982      2527.493659
 25978.570765     -6200.558519       671.197501
 26024.841987     -6008.066183     -1190.151295
 25943.902013     -5780.437683     -3042.574025
 25740.087937     -5508.083061     -4872.215148
 25419.195605     -5182.091148     -6665.438472
 24988.373923     -4794.400911     -8408.920416
 24455.998910     -4337.958085    -10089.739968
 23831.529625     -3806.854718    -11695.464991
 23125.348389     -3196.449585    -13214.234584
 22348.587834     -2503.467698    -14634.837226
 21512.947547     -1726.077451    -15946.784468
 20630.503128      -863.944301    -17140.379928
 19713.510633        81.739801    -18206.783397
 18774.209355      1108.251682    -19138.069826
 17824.625970      2211.356986    -19927.282999
 16876.383021      3385.354753    -20568.483665
 15940.514654      4623.145915    -21056.791921
 15027.292457      5916.324801    -21388.423595
 14146.064102      7255.292350    -21560.720413
 13305.107336      8629.389483    -21572.173667
 12511.501685     10027.048706    -21422.441152
 11771.019989     11435.961797    -21112.357083
 11088.041637     12843.261105    -20643.934735
 10465.489078     14235.711782    -20020.361548
  9904.788847     15599.912040    -19245.986426
  9405.858015     16922.498349    -18326.299032
  8967.116556     18190.352346    -17267.900843
  8585.525783     19390.806126    -16078.467844
  8256.652516     20511.842539    -14766.704722
  7974.758271     21542.287092    -13342.290544
  7732.912291     22471.988142    -11815.815935
  7523.126810     23291.982152    -10198.711895
  7336.512530     23994.640950     -8503.170457
  7163.451844     24573.798197     -6742.057534
  6993.787006     25024.852516     -4928.818386
  6817.020057     25344.845142     -3077.376279
  6622.521055     25532.510321     -1202.025030
  6399.740890     25588.297174       682.683752
  6138.424802     25514.362238      2562.057793
  5828.822632     25314.532456      4421.384590
  5461.891772     24994.238924      6246.054009
  5029.488900     24560.422308      8021.681814
  4524.546693     24021.411417      9734.232790
  3941.231965     23386.776970     11370.142137
  3275.082010     22667.163123     12916.433723
  2523.116315     21874.099824     14360.833831
  1683.921295     21019.799471     15691.879055
   757.706229     20116.941700     16899.017044
  -253.670836     19178.450418     17972.698890
 -1346.707829     18217.267345     18904.462062
 -2516.294039     17246.126437     19687.002931
 -3755.775479     16277.333519     20314.238062
 -5057.048977     15322.555363     20781.353637
 -6410.683127     14392.622198     21084.842543
 -7806.063713     13497.347381     21222.528839
 -9231.560737     12645.367518     21193.579527
-10674.713769     11844.005927     20998.503684
-12122.432008     11099.161784     20639.139255
-13561.205224     10415.226773     20118.627895
-14977.321559      9795.030460     19441.378458
-16357.088142      9239.815056     18613.019816
-17687.050471      8749.239617     17640.343805
-18954.206627      8321.413201     16531.239209
-20146.212580      7952.955922     15294.617700
-21251.575068      7639.086388     13940.332755
-22259.828878      7373.733536     12479.092538
-23161.695672      7149.670491     10922.367768
-23949.221935      6958.667746      9282.295569
-24615.894005      6791.662687      7571.580261
-25156.728631      6638.942285      5803.392006
-25568.337903      6490.335627      3991.264194
-25848.967903      6335.412897      2148.990350
-25998.510803      6163.687361       290.521326
-26018.490631      5964.816985     -1570.136567
-25912.023276      5728.802368     -3419.021858
-25683.751720      5446.177811     -5242.316127
-25339.757825      5108.192527     -7026.439625
-24887.452338      4706.979178     -8758.143891
-24335.445048      4235.707193    -10424.600988
-23693.397304      3688.718567    -12013.489026
-22971.859328      3061.644122    -13513.073683
-22182.094907      2351.498559    -14912.285457
-21335.896250      1556.752877    -16200.792414
-20445.391865       677.383155    -17369.068202
-19522.850411      -285.105055    -18408.455126
-18580.483523     -1327.677062    -19311.222068
-17630.250598     -2445.794131    -20070.617041
-16683.668526     -3633.463007    -20680.914168
-15751.629271     -4883.309213    -21137.454853
-14844.228107     -6186.673101    -21436.682915
-13970.605200     -7533.727331    -21576.173446
-13138.803041     -8913.614133    -21554.655128
-12355.642034    -10314.600389    -21372.025748
-11626.616332    -11724.248309    -21029.360658
-10955.811711    -13129.599193    -20528.913888
-10345.847011    -14517.367547    -19874.111679
 -9797.840293    -15874.142607    -19069.538161
 -9311.400563    -17186.594154    -18120.912977
 -8884.645482    -18441.679363    -17035.060645
 -8514.245091    -19626.847353    -15819.871512
 -8195.491180    -20730.238035    -14484.254216
 -7922.391459    -21740.871892    -13038.079613
 -7687.787282    -22648.827376    -11492.116240
 -7483.493224    -23445.402719     -9857.957434
 -7300.456398    -24123.259164     -8147.940367
 -7128.932979    -24676.542850     -6375.057346
 -6958.679047    -25100.982901     -4552.859830
 -6779.152499    -25393.963622     -2695.355789
 -6579.722526    -25554.569155      -816.901082
 -6349.882895    -25583.599394      1067.914266
 -6079.465125    -25483.556480      2944.383959
 -5758.847563    -25258.601766      4797.806407
 -5379.156366    -24914.483677      6613.607618
 -4932.454460    -24458.437499      8377.464747
 -4411.914736    -23899.058695     10075.428986
 -3811.973981    -23246.151894     11694.046419
 -3128.464397    -22510.558236     13220.475471
 -2358.719974    -21703.964222     14642.599568
 -1501.655460    -20838.695621     15949.133668