  2972.273396    -18282.872225    -18884.528272
  3898.290822    -17122.493922    -19797.045629
  4903.869564    -15946.878426    -20556.373880
  5983.929930    -14769.785816    -21156.846451
  7131.801215    -13604.454482    -21594.049872
  8339.319042    -12463.386151    -21864.851802
  9596.948997    -11358.145814    -21967.418311
 10893.934221    -10299.179964    -21901.220484
 12218.464203     -9295.656116    -21667.030551
 13557.861684     -8355.326205    -21266.907810
 14898.784317     -7484.415990    -20704.174705
 16227.437511     -6687.542082    -19983.383499
 17529.794746     -5967.657745    -19110.274019
 18791.821578     -5326.028094    -18091.723037
 19999.699537     -4762.234810    -16935.685852
 21140.046183     -4274.209997    -15651.130698
 22200.127698     -3858.298326    -14247.966603
 23168.060546     -3509.346164    -12736.965359
 24032.998993     -3220.815961    -11129.678236
 24785.305496     -2984.923778     -9438.348112
 25416.701315     -2792.797504     -7675.817652
 25920.395018     -2634.653007     -5855.434188
 26291.186934     -2499.985193     -3990.951913
 26525.547988     -2377.770776     -2096.432017
 26621.671773     -2256.679363      -186.141365
 26579.499109     -2125.289391      1725.549702
 26400.714804     -1972.305369      3624.269857
 26088.716716     -1786.772899      5495.749006
 25648.557667     -1558.287966      7325.919680
 25086.861155     -1277.197105      9101.017057
 24411.712220      -934.785193     10807.677053
 23632.525189      -523.447777     12433.031964
 22759.890385       -36.845112     13964.803106
 21805.402221       529.964670     15391.389926
 20781.471382      1180.415522     16701.955034
 19701.124065      1916.348483     17886.504639
 18577.791486      2737.953265     18935.963829
 17425.092991      3643.737556     19842.246179
 16256.616308      4630.524750     20598.317154
 15085.698481      5693.480372     21198.250776
 13925.211131      6826.166992     21637.279058
 12787.353581      8020.626980     21911.833709
 11683.457370      9267.491978     22019.579640
 10623.805493     10556.117513     21959.439847
  9617.469518     11874.740732     21731.611262
  8672.167471     13210.658811     21337.571239
  7794.145080     14550.425233     20780.074370
  6988.082584     15880.060735     20063.139427
  6257.028928     17185.275462     19192.026262
  5602.364679     18451.698585     18173.202624
  5023.794545     19665.111469     17014.300896
  4519.369832     20811.680345     15724.064912
  4085.540664     21878.184388     14312.287067
  3717.237216     22852.235144     12789.736072
  3407.978705     23722.483318     11168.075813
  3150.008328     24478.809152      9459.775890
  2934.451838     25112.492851      7678.014493
  2751.496992     25616.361875      5836.574444
  2590.590660     25984.912276      3949.733246
  2440.650057     26214.401776      2032.148150
  2290.284227     26302.912740        98.737275
  2128.021706     26250.383806     -1835.442078
  1942.540147     26058.609496     -3755.316781
  1722.893636     25731.207751     -5645.921656
  1458.733451     25273.555943     -7492.522498
  1140.518142     24692.696523     -9280.737100
   759.709021     23997.214050    -10996.653109
   308.947403     23197.085880    -12626.941549
  -217.789648     22303.509311    -14158.964918
  -825.057953     21328.708388    -15580.878851
 -1515.841598     20285.723979    -16881.726403
 -2291.476904     19188.191000    -18051.524125
 -3151.606306     18050.106889    -19081.339214
 -4094.162863     16885.595558    -19963.357125
 -5115.385532     15708.671095    -20690.939158
 -6209.864798     14533.005443    -21258.669675
 -7370.617668     13371.704170    -21662.392682
 -8589.190523     12237.094222    -21899.237681
 -9855.787822     11140.527320    -21967.634779
-11159.424239     10092.202276    -21867.319152
-12488.097392      9101.009180    -21599.325085
-13828.978026      8174.397919    -21165.969869
-15168.614241      7318.273076    -20570.827938
-16493.146159      6536.916725    -19818.695693
-17788.527295      5832.940173    -18915.547507
-19040.748846      5207.265156    -17868.483480
-20236.063114      4659.134524    -16685.669518
-21361.202333      4186.151922    -15376.270364
-22403.589311      3784.349541    -13950.376209
-23351.536476      3448.282527    -12418.923550
-24194.430147      3171.148252    -10793.610919
-24922.897110      2944.928255     -9086.810163
-25528.950914      2760.550335     -7311.473903
-26006.115640      2608.067977     -5481.039821
-26349.525261      2476.854063     -3609.332385
-26555.997121      2355.805602     -1710.462648
-26624.078464      2233.556089       201.273306
-26554.065357      2098.691994      2111.496662
-26347.993799      1939.969837      4005.848355
-26009.603215      1746.530325      5870.091168
-25544.272953      1508.106059      7690.210888
-24958.932830      1215.219453      9452.515982
-24261.949147       859.367614     11143.735236
-23462.987982       433.191189     12751.112832
-22572.857912       -69.375648     14262.500318
-21603.334647      -652.976547     15666.444935
-20566.970333     -1320.727890     16952.273763
-19476.890554     -2074.139080     18110.173153
-18346.582258     -2913.059677     19131.262907
-17189.676005     -3835.654439     20007.664669
-16019.726065     -4838.406869     20732.564006
-14849.991942     -5916.151456     21300.265652
-13693.224939     -7062.134317     21706.241415
-12561.463327     -8268.101482     21947.170259
-11465.839581     -9524.413615     22020.970098
-10416.403004    -10820.185502     21926.820883
 -9421.960840    -12143.448191     21665.178580
 -8489.940705    -13481.331277     21237.779718
 -7626.276862    -14820.262421     20647.636229
 -6835.322456    -16146.180870     19899.020358
 -6119.789453    -17444.761429     18997.439529
 -5480.717515    -18701.645127     17949.601108
 -4917.472588    -19902.672610     16763.367130
 -4427.775444    -21034.116213     15447.699118
 -4007.759860    -22082.906611     14012.593270
 -3652.059623    -23036.849990     12469.006374
 -3353.922943    -23884.831804     10828.772932
 -3105.352404    -24617.003375      9104.514086
 -2897.268011    -25224.947871      7309.539049
 -2719.690503    -25701.822534      5457.739854
 -2561.941624    -26042.474454      3563.480315
 -2412.857763    -26243.527661      1641.480206
 -2261.013024    -26303.439816      -293.304275
 -2094.947634    -26222.527374     -2225.802636
 -1903.397448    -26002.958664     -4140.953614
 -1675.520269    -25648.714958     -6023.828914
 -1401.114770    -25165.520204     -7859.755913
 -1070.827917    -24560.740703     -9634.438146
  -676.347039    -23843.256589    -11334.072370
  -210.572955    -23023.307492    -12945.461078
   332.229018    -22112.315280    -14456.119374
   956.302955    -21122.687167    -15854.375212
  1664.303371    -20067.602858    -17129.462081
  2457.225192    -18960.789655    -18271.603330
  3334.363805    -17816.289671    -19272.087428