 12534.199353     -6979.587424    -22245.581953
 13360.355845     -5491.073087    -22216.514912
 14237.539727     -4045.297019    -22016.240209
 15156.738001     -2654.818601    -21646.864378
 16107.696336     -1330.961977    -21111.779512
 17079.093211       -83.653942    -20415.620144
 18058.731477      1078.712037    -19564.211618
 19033.743748      2149.383886    -18564.510819
 19990.807942      3123.329833    -17424.540121
 20916.369227      3997.287447    -16153.315410
 21796.864621      4769.782581    -14760.768999
 22618.946577      5441.118483    -13257.668231
 23369.701993      6013.335798    -11655.530483
 24036.863246      6490.144595     -9966.535271
 24609.008071      6876.829937     -8203.434074
 25075.745323      7180.132881     -6379.458436
 25427.883933      7408.109070     -4508.226868
 25657.582685      7569.967382     -2603.650996
 25758.478698      7675.891311      -679.841369
 25725.792880      7736.845952      1248.986710
 25556.410915      7764.373621      3168.607002
 25248.938700      7770.381261      5064.875500
 24803.731520      7766.922845      6923.822671
 24222.896552      7765.980072      8731.744496
 23510.268708      7779.244631     10475.292057
 22671.360117      7817.905291     12141.559405
 21713.283937      7892.443042     13718.169422
 20644.653521      8012.437395     15193.357393
 19475.458294      8186.386830     16556.051954
 18216.918028      8421.546236     17795.953075
 16881.317538      8723.783979     18903.606681
 15481.824084      9097.460996     19870.475485
 14032.290099      9545.334067     20689.005563
 12547.044078     10068.485109     21352.688161
 11040.672726     10666.277962     21856.116186
  9527.797660     11336.343835     22195.034794
  8022.850124     12074.596092     22366.385456
  6539.847294     12875.274683     22368.342871
  5092.173845     13731.020037     22200.344078
  3692.372448     14632.975740     21863.109115
  2351.946863     15570.918848     21358.652604
  1081.181151     16533.416147     20690.285663
  -111.021597     17508.004200     19862.607599
 -1217.277880     18481.390491     18881.486923
 -2231.836926     19439.672545     17754.031300
 -3150.665893     20368.571434     16488.546168
 -3971.505133     21253.675725     15094.481904
 -4693.892017     22080.691583     13582.369554
 -5319.152402     22835.694502     11963.745302
 -5850.359423     23505.377982     10251.064059
 -6292.259933     24077.294390      8457.602708
 -6651.169594     24540.083297      6597.353759
 -6934.838266     24883.682725      4684.910334
 -7152.288008     25099.518986      2735.343583
 -7313.626607     25180.671191       764.073825
 -7429.840123     25122.006937     -1213.263196
 -7512.568420     24920.286288     -3180.953374
 -7573.868074     24574.231775     -5123.343018
 -7625.967334     24084.562873     -7024.977649
 -7681.018028     23453.994159     -8870.739106
 -7750.849374     22687.197129    -10645.979281
 -7846.728618     21790.726447    -12336.648852
 -7979.133257     20772.912143    -13929.419458
 -8157.539345     19643.720012    -15411.797906
 -8390.229972     18414.583113    -16772.231132
 -8684.127572     17098.207844    -18000.200826
 -9044.653144     15708.358567    -19086.306815
 -9475.614856     14259.625134    -20022.338500
 -9979.127879     12767.177919    -20801.333863
-10555.566597     11246.515160    -21417.625760
-11203.549679      9713.207405    -21866.875408
-11919.957828      8182.643868    -22146.093190
-12699.983390      6669.785257    -22253.647041
-13537.210413      5188.927455    -22189.258849
-14423.723208      3753.480065    -21953.989450
-15350.240996      2375.763451    -21550.212862
-16306.275810      1066.827442    -20981.580531
-17280.310495      -163.705582    -20252.976390
-18259.993400     -1307.771074    -19370.463591
-19232.346157     -2358.964480    -18341.223766
-20183.980839     -3312.614063    -17173.489687
-21101.322757     -4165.823768    -15876.472176
-21970.835144     -4917.486006    -14460.282069
-22779.242088     -5568.264721    -12935.848019
-23513.746175     -6120.549544    -11314.830853
-24162.237487     -6578.382255     -9609.535155
-24713.490816     -6947.357153     -7832.818696
-25157.348187     -7234.497265     -5998.000245
-25484.884070     -7448.108643     -4118.766282
-25688.550936     -7597.615243     -2209.077046
-25762.303160     -7693.377113      -283.072315
-25701.697552     -7746.494796      1645.022710
-25503.969180     -7768.603005      3560.991120
-25168.081474     -7771.656735      5450.717294
-24694.749937     -7767.713051      7300.278915
-24086.439184     -7768.711838      9096.037734
-23347.333325     -7786.258788     10824.728825
-22483.280125     -7831.413885     12473.548063
-21501.709658     -7914.488584     14030.237540
-20411.528576     -8044.854773     15483.168626
-19222.991405     -8230.768487     16821.422335
-17947.550633     -8479.211159     18034.866651
-16597.687650     -8795.751025     19114.230406
-15186.726929     -9184.427011     20051.173276
-13728.636078     -9647.657208     20838.351420
-12237.814675    -10186.173688     21469.478238
-10728.875028    -10798.985104     21939.379700
 -9216.418177    -11483.368098     22244.043637
 -7714.808640    -12234.888173     22380.662398
 -6237.951498    -13047.450192     22347.668201
 -4799.075489    -13913.378252     22144.760569
 -3410.525801    -14823.524143     21772.925166
 -2083.570176    -15767.403139     21234.443441
  -828.221865    -16733.355332     20532.892483
   346.917247    -17708.730244     19673.134553
  1434.790253    -18680.091932     18661.295848
  2429.992818    -19633.441360     17504.734139
  3328.852384    -20554.452390     16211.995042
  4129.477091    -21428.717343     14792.756826
  4831.773013    -22241.997821     13257.763801
  5437.428935    -22980.476190     11618.748516
  5949.868447    -23631.003047      9888.343173
  6374.169859    -24181.335887      8079.980829
  6716.955034    -24620.364302      6207.787185
  6986.248951    -24938.317174      4286.463919
  7191.312422    -25126.947622      2331.164706
  7342.451021    -25179.691863       357.365230
  7450.803792    -25091.798607     -1619.271371
  7528.115823    -24860.426229     -3583.032055
  7586.499133    -24484.705574     -5518.292798
  7638.186602    -23965.767028     -7409.657178
  7695.283863    -23306.731184     -9242.092929
  7769.524115    -22512.663278    -11001.064775
  7872.030758    -21590.492299    -12672.661940
  8013.092561    -20548.896453    -14243.718792
  8201.955783    -19398.157379    -15701.927250
  8446.637268    -18149.986121    -17035.939700
  8753.762037    -16817.324471    -18235.461377
  9128.428360    -15414.125719    -19291.331341
  9574.102638    -13955.119227    -20195.591388
 10092.545809    -12455.563495    -20941.542462
 10683.772283    -10930.992513    -21523.788314
 11346.041757     -9396.960220    -21938.266364
 12075.883584     -7868.787814    -22182.265925
 12868.152765     -6361.318467    -22254.434083