 16688.750075     -1289.946042     20613.341447
 17551.843122        -4.114683     19929.632350
 18423.329088      1205.792060     19093.327765
 19291.287557      2332.610196     18110.883941
 20143.263770      3370.726838     16989.870630
 20966.478501      4316.149256     15738.911609
 21748.044418      5166.545837     14367.617347
 22475.185195      5921.258346     12886.510355
 23135.453623      6581.285397     11306.943831
 23716.944997      7149.237508      9641.014251
 24208.502134      7629.264639      7901.468581
 24599.908538      8026.957526      6101.606828
 24882.066438      8349.224598      4255.180682
 25047.156680      8604.146675      2376.288994
 25088.777775      8800.811979       479.270885
 25002.061750      8949.134362     -1421.402744
 24783.764862      9059.657896     -3311.238492
 24432.331640      9143.351205     -5175.829752
 23947.931177      9211.395091     -7000.965220
 23332.465064      9274.967099     -8772.735851
 22589.546822      9345.026721    -10477.639490
 21724.453177      9432.104931    -12102.682439
 20744.047980      9546.101639    -13635.477230
 19656.680041      9696.094557    -15064.335915
 18472.056574      9890.162744    -16378.358194
 17201.094358     10135.227869    -17567.513753
 15855.751106     10436.915927    -18622.718223
 14448.839836     10799.441797    -19535.902178
 12993.829368     11225.518664    -20300.072691
 11504.634260     11716.293896    -20909.366962
  9995.397724     12271.312523    -21359.097614
  8480.271146     12888.509005    -21645.789293
  6973.193929     13564.227510    -21767.206275
  5487.677363     14293.270403    -21722.370836
  4036.596171     15068.974214    -21511.572205
  2631.991266     15883.311843    -21136.365992
  1284.887049     16727.019336    -20599.564041
     5.126378     17589.745113    -19905.214734
 -1198.773988     18460.219169    -19058.573842
 -2319.744999     19326.439381    -18066.066089
 -3352.261885     20175.871784    -16935.237668
 -4292.414015     20995.661394    -15674.700027
 -5137.946862     21772.849987    -14294.065291
 -5888.275312     22494.597083    -12803.873797
 -6544.468104     23148.400339    -11215.514242
 -7109.203653     23722.311531     -9541.137036
 -7586.698026     24205.144378     -7793.561516
 -7982.606314     24586.670578     -5986.177704
 -8303.899126     24857.800635     -4132.843388
 -8558.716351     25010.746298     -2247.777308
 -8756.200772     25039.161747      -345.449293
 -8906.314427     24938.261023      1559.531771
 -9019.640960     24704.909618      3452.531260
 -9107.177451     24337.688581      5319.002490
 -9180.119386     23836.929966      7144.599841
 -9249.642561     23204.722982      8915.290402
 -9326.685802     22444.890674     10617.463232
 -9421.738310     21562.937525     12238.035334
 -9544.635419     20565.968840     13764.553479
 -9704.366372     19462.583317     15185.291052
 -9908.897516     18262.740630     16489.339129
-10165.014048     16977.606328     17666.691045
-10478.183094     15619.376726     18708.319772
-10852.440559     14201.086840     19606.247499
-11290.303712     12736.404664     20353.606853
-11792.711065     11239.415387     20944.693300
-12358.990586      9724.399249     21375.008326
-12986.856790      8205.606893     21641.293076
-13672.436757      6697.036071     21741.552233
-14410.324604      5212.213535     21675.067971
-15193.663443      3763.985854     21442.403928
-16014.253383      2364.322718     21045.399208
-16862.683675      1024.136058     20487.152521
-17728.486698      -246.881957     19771.996621
-18600.311082     -1440.399342     18905.463307
-19466.110987     -2549.560802     17894.239307
-20313.348224     -3569.078425     16746.113436
-21129.203760     -4495.295086     15469.915486
-21900.794933     -5326.219604     14075.447355
-22615.394669     -6061.533133     12573.406991
-23260.648935     -6702.566804     10975.305749
-23824.788709     -7252.251104      9293.379839
-24296.832863     -7715.037945      7540.496526
-24666.778517     -8096.796882      5730.055833
-24925.775609     -8404.687320      3875.888477
-25066.282759     -8647.008978      1992.150799
-25082.201774     -8833.033253        93.217488
-24968.988534     -8972.818404     -1806.427133
-24723.738380     -9077.011775     -3692.298456
-24345.244590     -9156.642473     -5550.020785
-23834.028932     -9222.908070     -7365.435595
-23192.343793     -9286.959000     -9124.708070
-22424.145843     -9359.684348    -10814.431179
-21535.041663     -9451.502704    -12421.726528
-20532.206238     -9572.161666    -13934.341278
-19424.275679     -9730.549438    -15340.740439
-18221.215949     -9934.521735    -16630.193874
-16934.169788    -10190.747002    -17792.857392
-15575.284382    -10504.572595    -18819.847329
-14157.522653    -10879.914248    -19703.308085
-12694.461332    -11319.170762    -20436.472098
-11200.079172    -11823.165420    -21013.711818
 -9688.538881    -12391.115182    -21430.583262
 -8173.966401    -13020.628257    -21683.860811
 -6670.231274    -13707.730149    -21771.562961
 -5190.731784    -14446.917826    -21692.968789
 -3748.188499    -15231.241133    -21448.624985
 -2354.449720    -16052.410150    -21040.343334
 -1020.312142    -16900.926719    -20471.188626
   244.640238    -17766.237952    -19745.457032
  1432.176194    -18636.909151    -18868.645052
  2535.533942    -19500.813226    -17847.409224
  3549.512393    -20345.333399    -16689.516837
  4470.535426    -21157.575739    -15403.787984
  5296.688057    -21924.587899    -14000.029350
  6027.723883    -22633.580291    -12488.960195
  6665.043663    -23272.145890    -10882.131081
  7211.645391    -23828.474857     -9191.835918
  7672.046746    -24291.560250     -7431.018015
  8052.181248    -24651.391240     -5613.170828
  8359.269936    -24899.130444     -3752.234177
  8601.670815    -25027.272260     -1862.486751
  8788.708708    -25029.779409        41.564271
  8930.488496    -24902.195267      1945.295586
  9037.695043    -24641.729976      3834.081230
  9121.383323    -24247.318801      5693.406223
  9192.762458    -23719.651654      7508.979462
  9262.977477    -23061.173240      9266.844963
  9342.892662    -22276.053782     10953.490514
  9442.880307    -21370.130785     12555.952889
  9572.618637    -20350.822845     14061.918717
  9740.902450    -19227.016969     15459.820227
  9955.469845    -18008.931340     16738.925053
 10222.848093    -16707.955920     17889.419404
 10548.221372    -15336.473636     18902.483900
 10935.322703    -13907.665252     19770.361499
 11386.351984    -12435.301312     20486.416966
 11901.921564    -10933.524746     21045.187427
 12481.030301     -9416.627917     21442.423639
 13121.066555     -7898.827924     21675.121661
 13817.840051     -6394.044058     21741.544730
 14565.642036     -4915.681216     21641.235186
 15357.332667     -3476.422969     21375.016424
 16184.454100     -2088.037828     20944.984876
 17037.367272      -761.201963     20354.492169