-16358.562410      1467.466307     20819.416218
-15754.946761       -26.833182     21333.320198
-15193.362656     -1571.997114     21683.210393
-14680.979325     -3155.104653     21866.446951
-14223.517384     -4762.459379     21881.677399
-13825.156872     -6379.800566     21728.845447
-13488.473257     -7992.524289     21409.189561
-13214.402453     -9585.910544     20925.231369
-13002.235378    -11145.352449     20280.754060
-12849.642061    -12656.583616     19480.771005
-12752.724790    -14105.899774     18531.484924
-12706.099277    -15480.370879     17440.237974
-12703.002348    -16768.040119     16215.453234
-12735.424203    -17958.106449     14866.568083
-12794.262864    -19041.087609     13403.960066
-12869.498073    -20008.960903     11838.865861
-12950.381578    -20855.279446     10183.294015
-13025.640455    -21575.261969      8449.932164
-13083.689927    -22165.854762      6652.049462
-13112.851995    -22625.764809      4803.394983
-13101.576088    -22955.463646      2918.092875
-13038.657940    -23157.161982      1010.535052
-12913.452945    -23234.755614      -904.727775
-12716.080326    -23193.743631     -2813.095941
-12437.614648    -23041.120382     -4700.030727
-12070.261403    -22785.243107     -6551.163570
-11607.513682    -22435.677524     -8352.403767
-11044.287266    -22003.024040    -10090.043953
-10377.031842    -21498.727554    -11750.862593
 -9603.816434    -20934.874091    -13322.222794
 -8724.387588    -20323.977728    -14792.166740
 -7740.199293    -19678.761421    -16149.505102
 -6654.414090    -19011.935421    -17383.900804
 -5471.875312    -18335.977051    -18485.946552
 -4199.050857    -17662.915534    -19447.235595
 -2843.949387    -17004.125527    -20260.425195
 -1416.010298    -16370.132837    -20919.292368
    74.030758    -15770.435626    -21418.781463
  1614.298594    -15213.344118    -21755.043233
  3191.954896    -14705.841557    -21925.465081
  4793.391399    -14253.468793    -21928.692226
  6404.436638    -13860.234471    -21764.639593
  8010.572839    -13528.552400    -21434.494295
  9597.159342    -13259.207197    -20940.708627
 11149.658798    -13051.348845    -20286.983562
 12653.862355    -12902.516308    -19478.242822
 14096.110025    -12808.689843    -18520.597623
 15463.502489    -12764.371176    -17421.302321
 16744.100751    -12762.690207    -16188.701195
 17927.110205    -12795.536471    -14832.166729
 19003.045963    -12853.713117    -13362.029779
 19963.876586    -12927.110795    -11789.502115
 20803.143711    -13004.898473    -10126.591873
 21516.055488    -13075.727889     -8386.012529
 22099.552174    -13127.948102     -6581.086052
 22552.342709    -13149.826410     -4725.640982
 22874.911603    -13129.771773     -2833.906192
 23069.495979    -13056.556813      -920.401168
 23140.033124    -12919.534486      1000.176333
 23092.079454    -12708.845578      2913.064350
 22932.702249    -12415.613353      4803.551582
 22670.346061    -12032.121858      6657.092131
 22314.676096    -11551.974712      8459.419156
 21876.401316    -10970.231504     10196.656514
 21367.080350    -10283.519342     11855.427456
 20798.913640     -9490.117518     13422.959456
 20184.525447     -8590.013737     14887.184312
 19536.739587     -7584.930849     16236.832670
 18868.352821     -6478.323567     17461.522185
 18191.909900     -5275.345171     18551.838579
 17519.484216     -3982.784733     19499.408936
 16862.467915     -2608.975940     20296.966628
 16231.375152     -1163.679066     20938.407349
 15635.661913       342.061854     21418.835819
 15083.565563      1896.084165     21734.602803
 14581.966866      3485.291189     21883.332167
 14136.276879      5095.853073     21863.937805
 13750.350616      6713.420378     21676.630337
 13426.428943      8323.346746     21322.913579
 13165.109635      9910.916758     20805.570877
 12965.348016     11461.575094     20128.641467
 12824.487088     12961.153026     19297.387127
 12738.316529     14396.088395     18318.249437
 12701.159441     15753.635320     17198.798063
 12705.985263     17022.060082     15947.670523
 12744.546786     18190.819890     14574.503976
 12807.538833     19250.721541     13089.859609
 12884.775784     20194.057342     11505.140273
 12965.384814     21014.716060      9832.502020
 13038.011459     21708.267113      8084.760279
 13091.033939     22272.016656      6275.291390
 13112.782508     22705.034728      4417.930279
 13091.760049     23008.153086      2526.865033
 13016.860127     23183.933877       616.529192
 12877.578741     23236.609759     -1298.507467
 12664.216184     23171.996591     -3203.648852
 12368.065532     22997.380232     -5084.382375
 11981.584590     22721.379445     -6926.387916
 11498.548329     22353.787282     -8715.645129
 10914.179259     21905.393667    -10438.538367
 10225.253489     21387.792229    -12081.958471
  9430.180665     20813.174652    -13633.400738
  8529.056426     20194.116053    -15081.058376
  7523.686434     19543.355003    -16413.910796
  6417.581550     18873.571926    -17621.806148
  5215.924174     18197.169604    -18695.537499
  3925.506272     17526.059501    -19626.912126
  2554.640066     16871.457522    -20408.813443
  1113.042823     16243.692647    -21035.255085
  -388.302378     15652.031691    -21501.426768
 -1937.307637     15104.523171    -21803.731569
 -3520.960326     14607.862926    -21939.814317
 -5125.519321     14167.283813    -21908.580870
 -6736.724128     13786.471364    -21710.208073
 -8340.013407     13467.506884    -21346.144296
 -9920.749280     13210.838998    -20819.100467
-11464.443626     13015.284176    -20133.031626
-12956.982592     12878.056285    -19293.109062
-14384.845497     12794.824709    -18305.683165
-15735.314438     12759.800093    -17178.237229
-16996.671011     12765.846293    -15919.332451
-18158.376779     12804.616652    -14538.544509
-19211.234391     12866.712294    -13046.392122
-20147.526552     12941.859745    -11454.258082
-20961.130432     13019.104818     -9774.303321
-21647.605502     13087.019440     -8019.374634
-22204.253256     13133.917822     -6202.906723
-22630.147721     13148.078202     -4338.819327
-22926.136219     13117.966305     -2441.410189
-23094.810303     13032.456557      -525.244734
-23140.447354     12881.047192      1394.956705
-23068.923820     12654.065398      3304.433196
-22887.601587     12342.858885      5188.498123
-22605.189453     11939.970437      7032.653781
-22231.582113     11439.292320      8822.704693
-21777.679460     10836.197769     10544.868722
-21255.189393     10127.647167     12185.885041
-20676.417563      9312.266979     13733.118062
-20054.047786      8390.399998     15174.656458
-19400.916965      7364.125937     16499.406437
-18729.788494      6237.251967     17697.178501
-18053.128137      5015.273308     18758.766958
-17382.886307      3705.304517     19676.021542
-16730.290589      2315.982656     20441.910550
-16105.652121       857.343989     21050.574985