 11044.402585     13190.715400    -20212.210632
  9505.018273     13528.190167    -20742.378196
  7942.828185     13923.344314    -21113.166897
  6371.740743     14375.080931    -21321.420330
  4805.599463     14880.752335    -21365.231217
  3257.967470     15436.190261    -21243.965707
  1741.916024     16035.764078    -20958.277529
   269.820851     16672.466302    -20510.111610
 -1146.830062     17338.024138    -19902.696829
 -2497.613653     18023.035303    -19140.527730
 -3773.330670     18717.125865    -18229.335108
 -4966.143248     19409.127425    -17176.045526
 -6069.688545     20087.270505    -15988.729952
 -7079.166243     20739.390706    -14676.541842
 -7991.398185     21353.143895    -13249.645143
 -8804.858966     21916.226451    -11719.132815
 -9519.676833     22416.596511    -10096.936613
-10137.604842     22842.692060     -8395.728977
-10661.962794     23183.641797     -6628.818017
-11097.551054     23429.464809     -4810.036628
-11450.537899     23571.255293     -2953.626909
-11728.322577     23601.348893     -1074.121053
-11939.376724     23513.467545       813.780022
-12093.067186     23302.840168      2695.329066
-12199.463673     22966.297039      4555.854652
-12269.134909     22502.336178      6380.881849
-12312.937155     21911.160653      8156.250247
-12341.799092     21194.686263      9868.228190
-12366.507065     20356.519641     11503.622166
-12397.494652     19401.907360     13049.880401
-12444.640359     18337.657179     14495.189780
-12517.077074     17172.033056     15828.565363
-12623.016608     15914.626010     17039.931829
-12769.592330     14576.203338     18120.196350
-12962.722537     13168.539019     19061.312462
-13206.996757     11704.228439     19856.334655
-13505.586763     10196.490788     20499.463484
-13860.183589      8658.962632     20986.081110
-14270.961372      7105.486241     21312.777287
-14736.568373      5549.896316     21477.365876
-15254.145055      4005.808653     21478.892060
-15819.368642      2486.414257     21317.630475
-16426.523177      1004.282214     20995.074560
-17068.593656      -428.825542     20513.917437
-17737.382495     -1802.124687     19878.024700
-18423.646212     -3105.961574     19092.399499
-19117.249957     -4331.946627     18163.140332
-19807.337243     -5473.066095     17097.391977
-20482.512042     -6523.770577     15903.289985
-21131.030259     -7480.039090     14589.899188
-21740.997457     -8339.417839     13167.146656
-22300.569676     -9101.033246     11645.749539
-22798.154117     -9765.579162     10037.138224
-23222.606528    -10335.278609      8353.375267
-23563.422156    -10813.820725      6607.070494
-23810.917253    -11206.274015      4811.292754
-23956.398254    -11518.977297      2979.478713
-23992.315929    -11759.410118      1125.339174
-23912.402037    -11936.044681      -737.236646
-23711.786247    -12058.181651     -2594.278405
-23387.091381    -12135.772411     -4431.833016
-22936.505349    -12179.230608     -6236.063599
-22359.828484    -12199.235985     -7993.348498
-21658.495334    -12206.533653     -9690.379794
-20835.570374    -12211.732048    -11314.260750
-19895.717480    -12225.102906    -12852.601571
-18845.143416    -12256.386565    -14293.612845
-17691.516013    -12314.605891    -15626.196021
-16443.858119    -12407.892028    -16840.030208
-15112.418819    -12543.325022    -17925.654626
-13708.523813    -12726.792191    -18874.545963
-12244.407228    -12962.866858    -19679.189927
-10733.027480    -13254.709750    -20333.146263
 -9187.870128    -13603.995053    -20831.106521
 -7622.740951    -14010.862693    -21168.943882
 -6051.552666    -14473.897983    -21343.754392
 -4488.108948    -14990.139334    -21353.888982
 -2945.889444    -15555.114200    -21198.975737
 -1437.839599    -16162.902946    -20879.931929
    23.830973    -16806.229793    -20398.965435
  1427.837905    -17476.579480    -19759.565260
  2763.995786    -18164.337775    -18966.480970
  4023.372928    -18858.953508    -18025.691018
  5198.424255    -19549.119315    -16944.360019
  6283.099765    -20222.967930    -15730.785201
  7272.926465    -20868.280501    -14394.332388
  8165.062157    -21472.703132    -12945.362018
  8958.319997    -22023.967674    -11395.145816
  9653.163310    -22510.112653     -9755.774889
 10251.670718    -22919.700224     -8040.060131
 10757.472226    -23242.025064     -6261.425915
 11175.657482    -23467.311285     -4433.798160
 11512.657980    -23586.893682     -2571.487925
 11776.105462    -23593.379909      -689.071745
 11974.669283    -23480.790600      1198.730060
 12117.875845    -23244.674846      3077.175823
 12215.913600    -22882.198970      4931.624481
 12279.427317    -22392.207045      6747.655810
 12319.305544    -21775.252178      8511.187758
 12346.465233    -21033.598131     10208.589777
 12371.637554    -20171.191435     11826.791102
 12405.158813    -19193.604701     13353.383050
 12456.770270    -18107.952361     14776.714493
 12535.430409    -16922.780563     16085.979767
 12649.142938    -15647.933404     17271.298413
 12804.803461    -14294.398057     18323.786237
 13008.067366    -12874.131718     19235.617313
 13263.241043    -11399.873530     20000.076649
 13573.198118     -9884.944892     20611.603346
 13939.321897     -8343.041664     21065.824190
 14361.474745     -6788.021882     21359.577694
 14837.994652     -5233.692578     21490.928703
 15365.718786     -3693.599293     21459.173725
 15940.033351     -2180.821708     21264.837255
 16554.948684      -707.778695     20909.659365
 17203.198110       713.954119     20396.574901
 17876.358712      2073.811466     19729.684671
 18564.991866      3362.387659     18914.219000
 19258.801091      4571.565716     17956.494097
 19946.804543      5694.624490     16863.861625
 20617.519277      6726.322284     15644.651950
 21259.154248      7662.955813     14308.111473
 21859.808933      8502.393737     12864.334509
 22407.674377      9244.084414     11324.190136
 22891.233465      9889.037871      9699.244460
 23299.457245     10439.782411      8001.678722
 23621.994190     10900.296628      6244.203691
 23849.349417     11275.917966      4439.970763
 23973.051009     11573.229331      2602.480229
 23985.800786     11799.925547       745.487132
 23881.607106     11964.661796     -1117.094814
 23655.897500     12076.886436     -2971.290773
 23305.609287     12146.660835     -4803.163324
 22829.256572     12184.469093     -6598.911475
 22226.972431     12201.020683     -8344.969615
 21500.525411     12207.049183    -10028.105868
 20653.309882     12213.110384    -11635.519232
 19690.310169     12229.383073    -13154.934926
 18618.038807     12265.475838    -14574.697280
 17444.449667     12330.243149    -15883.859516
 16178.827133     12431.613902    -17072.269721
 14831.652897     12576.435444    -18130.652311
 13414.452353     12770.335897    -19050.684270
 11939.622926     13017.607338    -19825.065424
 10420.247029     13321.112091    -20447.582034