-18473.014940    -17014.030715      7989.352328
-18716.471727    -17558.972188      6154.292351
-18892.023626    -17982.105802      4271.209968
-18988.802332    -18287.964569      2354.938835
-18996.890882    -18482.714883       420.444488
-18907.504615    -18574.012986     -1517.298075
-18713.150520    -18570.838348     -3443.422737
-18407.762640    -18483.307545     -5343.285615
-17986.811768    -18322.472382     -7202.572654
-17447.388168    -18100.106145     -9007.400895
-16788.256556    -17828.481896    -10744.412972
-16009.883084    -17520.146670    -12400.864544
-15114.434505    -17187.695380    -13964.704506
-14105.750134    -16843.548033    -15424.647916
-12989.287615    -16499.733717    -16770.241668
-11772.043825    -16167.684535    -17991.923039
-10462.452590    -15858.042463    -19081.071247
 -9070.261121    -15580.481757    -20030.052254
 -7606.387344    -15343.549318    -20832.257025
 -6082.760458    -15154.525034    -21482.133479
 -4512.147225    -15019.303881    -21975.212386
 -2907.966644    -14942.301188    -22308.127410
 -1284.095716    -14926.382193    -22478.629514
   345.330901    -14972.816685    -22485.595880
  1966.124506    -15081.259209    -22329.033491
  3564.246399    -15249.755012    -22010.077454
  5126.009516    -15474.771598    -21530.984117
  6638.274840    -15751.255441    -20895.118990
  8088.639859    -16072.713119    -20106.939425
  9465.616384    -16431.315836    -19171.971984
 10758.795170    -16818.025989    -18096.784383
 11958.994915    -17222.744169    -16888.951858
 13058.393347    -17634.474680    -15557.017810
 14050.638300    -18041.507411    -14110.448524
 14930.936918    -18431.613603    -12559.581803
 15696.121320    -18792.252823    -10915.569328
 16344.689379    -19110.788205     -9190.312602
 16876.819549    -19374.706821     -7396.392364
 17294.359016    -19571.841843     -5546.991415
 17600.784839    -19690.593006     -3655.810855
 17801.138104    -19720.141785     -1736.979848
 17901.931607    -19650.657601       195.040903
 17911.031955    -19473.491397      2125.561655
 17837.517515    -19181.352946      4039.771621
 17691.514051    -18768.468383      5922.851907
 17484.010420    -18230.714651      7760.092602
 17226.657110    -17565.727830      9537.013141
 16931.550887    -16772.982645     11239.484864
 16611.009174    -15853.840930     12853.854553
 16277.338179    -14811.567300     14367.067595
 15942.599020    -13651.310909     15766.789285
 15618.376348    -12380.052794     17041.522689
 15315.554018    -11006.519036     18180.721427
 15044.102408     -9541.060684     19174.895699
 14812.881844     -7995.502165     20015.709882
 14629.466364     -6382.960616     20696.070096
 14499.991718     -4717.639325     21210.200221
 14429.031024     -3014.599085     21553.705013
 14419.500958     -1289.511878     21723.619129
 14472.600670       441.598237     21718.441138
 14587.784923      2162.621809     21538.151816
 14762.772157      3857.632774     21184.216333
 14993.587370      5511.153825     20659.570237
 15274.638932      7108.412889     19968.589446
 15598.827619      8635.585481     19117.044738
 15957.685478     10080.018054     18112.041552
 16341.541433     11430.427936     16961.946128
 16739.709998     12677.076046     15676.299273
 17140.699000     13811.909272     14265.719198
 17532.431856     14828.670088     12741.795029
 17902.479762     15722.971817     11116.972682
 18238.299025     16492.338707      9404.434821
 18527.468802     17136.210737      7617.976662
 18757.924657     17655.913878      5771.879285
 18918.183564     18054.597138      3880.782088
 18997.556330     18337.138409      1959.555885
 18986.343774     18510.021623        23.178004
 18876.013481     18581.188213     -1913.389377
 18659.354411     18559.866205     -3835.316623
 18330.607175     18456.380555     -5728.018866
 17885.568291     18281.948530     -7577.262351
 17321.667273     18048.464011     -9369.264342
 16638.015887     17768.274631    -11090.786193
 15835.429410     17453.955617    -12729.219313
 14916.420161     17118.084077    -14272.663880
 13885.164013     16773.017335    -15710.000280
 12747.440944     16430.678697    -17030.953309
 11510.551051     16102.353804    -18226.149271
 10183.207750     15798.500463    -19287.166137
  8775.410113     15528.574550    -20206.576983
  7298.296572     15300.874307    -20977.986943
  5763.982344     15122.405006    -21596.063896
  4185.383133     14998.765684    -22056.563149
  2576.027747     14934.059306    -22356.346309
   949.862390     14930.827395    -22493.394549
  -678.950587     14990.009882    -22466.816430
 -2296.236620     15110.930577    -22276.850393
 -3888.012709     15291.308377    -21924.862016
 -5440.688214     15527.294017    -21413.336071
 -6941.259862     15813.531851    -20745.863367
 -8377.498232     16143.245875    -19927.122357
 -9738.123087     16508.348868    -18962.855400
-11012.964986     16899.573296    -17859.839575
-12193.110794     17306.622259    -16625.851894
-13271.030840     17718.338549    -15269.628739
-14240.685664     18122.889573    -13800.819358
-15097.610522     18507.965640    -12229.933219
-15838.976061     18860.988876    -10568.281071
-16463.623863     19169.329779     -8827.909557
-16972.075857     19420.528229     -7021.529282
-17366.516955     19602.515598     -5162.436280
-17650.750653     19703.834420     -3264.426925
-17830.127713     19713.852035     -1341.706374
-17911.448517     19622.964509       591.209203
-17902.840094     19422.787169      2519.596291
-17813.609335     19106.328146      4428.633096
-17654.074342     18668.141441      6303.513394
-17435.376365     18104.456263      8129.564375
-17169.275224     17413.279661      9892.367544
-16867.931535     16594.469842     11577.881588
-16543.679484     15649.778049     13172.565948
-16208.794180     14582.857358     14663.503728
-15875.257931     13399.237405     16038.522422
-15554.529925     12106.264697     17286.310874
-15257.323924     10713.008859     18396.530811
-14993.398517      9230.135944     19359.921279
-14771.364372      7669.750665     20168.394310
-14598.512663      6045.210150     20815.120244
-14480.668463      4370.912519     21294.601205
-14422.072447      2662.064257     21602.731420
-14425.293614       934.430859     21736.843238
-14491.175122      -795.924268     21695.737964
-14618.814537     -2512.907361     21479.700875
-14805.579068     -4200.662841     21090.500093
-15047.155490     -5843.837296     20531.369259
-15337.633712     -7427.833485     19806.974295
-15669.622145     -8939.049184     18923.364820
-16034.392307    -10365.096083     17887.911051
-16422.049472    -11694.994440     16709.227301
-16821.725623    -12919.339816     15397.083380
-17221.790523    -14030.438914     13962.305388
-17610.076405    -15022.412270     12416.667524
-17974.111606    -15891.262355     10772.776601
-18301.358358    -16634.906404      9043.951018
-18579.450042    -17253.174078      7244.095915