 12335.191387     22471.550472     -5203.112290
 11818.825781     22225.835195     -7008.410367
 11204.718307     21893.403241     -8757.373539
 10489.244163     21484.533531    -10435.755570
  9670.400117     21010.307273    -12029.838293
  8747.878470     20482.398414    -13526.565095
  7723.108789     19912.852264    -14913.669003
  6599.266127     19313.856832    -16179.793389
  5381.245251     18697.511669    -17314.603397
  4075.601157     18075.599111    -18308.886358
  2690.457024     17459.362812    -19154.639641
  1235.381492     16859.298251    -19845.144661
  -278.762097     16284.959668    -20375.026022
 -1839.991218     15744.787397    -20740.295098
 -3435.400601     15245.959093    -20938.377669
 -5051.375332     14794.267724    -20968.125559
 -6673.816034     14394.028510    -20829.812532
 -8288.371377     14048.016301    -20525.114987
 -9880.673141     13757.434143    -20057.078283
-11436.569091     13521.913062    -19430.069713
-12942.349193     13339.542407    -18649.719370
-14384.960926     13206.929467    -17722.850233
-15752.209899     13119.286473    -16657.398958
-17032.942388     13070.542631    -15462.328844
-18217.206938     13053.478414    -14147.536471
-19296.392704     13059.878995    -12723.753495
-20263.342744     13080.703511    -11202.444970
-21112.441031     13106.266663     -9595.705521
-21839.672472     13126.429115     -7916.154545
-22442.655729     13130.793156     -6176.831515
-22920.649108     13108.900162     -4391.092303
-23274.530188     13050.426515     -2572.507328
-23506.750280     12945.374840      -734.762171
-23621.265100     12784.257597      1108.438809
-23623.443357     12558.270330      2943.465452
-23519.955197     12259.452143      4756.851077
-23318.642628     11880.831228      6535.377864
-23028.374233     11416.553574      8266.158215
-22658.886583     10861.993264      9936.712058
-22220.614863     10213.843072     11535.040085
-21724.515279      9470.184329     13049.692978
-21181.881847      8630.535334     14469.836690
-20604.160176      7695.877850     15785.313853
-20002.760841      6668.661483     16986.701417
-19388.874907      5552.786018     18065.364557
-18773.294135      4353.562023     19013.506934
-18166.238291      3077.650278     19824.217298
-17577.191955      1732.980845     20491.512437
-17014.753058       328.652787     21010.376391
-16486.495327     -1125.184182     21376.795833
-15998.846619     -2617.464649     21587.791442
-15556.985016     -4136.357368     21641.445048
-15164.754357     -5669.428118     21536.922271
-14824.600670     -7203.813473     21274.490312
-14537.530791     -8726.403179     20855.530526
-14303.094148    -10224.028675     20282.545313
-14119.388459    -11683.655121     19559.158877
-13983.089774    -13092.574167     18690.111331
-13889.506945    -14438.594574     17681.245629
-13832.660295    -15710.227695     16539.486782
-13805.383810    -16896.864800     15272.812867
-13799.449844    -17988.943196     13890.217320
-13805.714863    -18978.098138     12401.662109
-13814.284331    -19857.297619     10818.021431
-13814.694440    -20620.957274      9151.015699
-13796.107932    -21265.032858      7413.135705
-13747.520881    -21787.088033      5617.557017
-13657.976937    -22186.335560      3778.044815
-13516.785207    -22463.650414      1908.849617
-13313.737717    -22621.553818        24.594508
-13039.322185    -22664.167766     -1859.845250
-12684.925803    -22597.140165     -3729.469160
-12243.025678    -22427.541395     -5569.283653
-11707.361769    -22163.733702     -7364.437985
-11073.088365    -21815.215532     -9100.362157
-10336.900521    -21392.443500    -10762.905027
 -9497.132333    -20906.635327    -12338.470650
 -8553.824541    -20369.557550    -13814.150839
 -7508.759571    -19793.302307    -15177.851932
 -6365.462911    -19190.057780    -16418.413777
 -5129.170474    -18571.877134    -17525.719089
 -3806.762432    -17950.450846    -18490.791451
 -2406.664789    -17336.887285    -19305.880491
  -938.720771    -16741.506201    -19964.532969
   585.965224    -16173.649471    -20461.648849
  2155.207693    -15641.513003    -20793.521697
  3755.940190    -15152.003158    -20957.863101
  5374.431248    -14710.620435    -20953.811117
  6996.511425    -14321.372464    -20781.923063
  8607.806727    -13986.717650    -20444.153258
 10193.973601    -13707.540059    -19943.816572
 11740.930834    -13483.155457    -19285.538874
 13235.083894    -13311.347688    -18475.195614
 14663.537578    -13188.433987    -17519.839932
 16014.293236    -13109.357253    -16427.621754
 17276.427299    -13067.802808    -15207.699366
 18440.248361    -13056.336816    -13870.144973
 19497.430585    -13066.563195    -12425.845676
 20441.121778    -13089.295652    -10886.401272
 21266.024991    -13114.741349     -9264.020133
 21968.453048    -13132.692654     -7571.414351
 22546.355894    -13132.723439     -5821.695171
 22999.321107    -13104.386496     -4028.269631
 23328.548349    -13037.408763     -2204.739144
 23536.798892    -12921.881238      -364.800690
 23628.321682    -12748.440698      1477.848924
 23608.757698    -12508.440554      3309.605310
 23485.024566    -12194.108467      5117.045019
 23265.183627    -11798.688624      6887.010113
 22958.291753    -11316.566839      8606.688722
 22574.240377    -10743.376968     10263.691527
 22123.584248    -10076.087383     11846.124185
 21617.362487     -9313.066554     13342.655762
 21066.914559     -8454.127058     14742.583227
 20483.693757     -7500.547609     16035.892101
 19879.080807     -6455.072969     17213.313334
 19264.200138     -5321.891855     18266.376487
 18649.741318     -4106.593210     19187.459249
 18045.788104     -2816.101447     19969.833317
 17461.657436     -1458.591513     20607.706596
 16905.750617       -43.384849     21096.261659
 16385.418814      1419.172438     21431.690336
 15906.844831      2917.847688     21611.224260
 15474.943012      4440.674337     21633.161128
 15093.278875      5975.117151     21496.886400
 14764.009943      7508.247927     21202.890074
 14487.848965      9026.929311     20752.778150
 14264.050487     10518.004242     20149.278340
 14090.421445     11968.488353     19396.239524
 13963.356143     13365.762539     18498.624462
 13877.895651     14697.762775     17462.495216
 13827.811285     15953.164193     16294.990763
 13805.711450     17121.556379     15004.296291
 13803.170724     18193.606862     13599.603691
 13810.879634     19161.209791     12091.062856
 13818.813148     20017.616917     10489.723442
 13816.415485     20757.548163      8807.466888
 13792.798412     21377.279285      7056.928610
 13736.949830     21874.704421      5251.410452
 13637.949069     22249.371715      3404.783659
 13485.185018     22502.490625      1531.382833
 13268.572988     22636.910008      -354.108441
 12978.766023     22657.066680     -2236.779395
 12607.356325     22568.904706     -4101.620176
 12147.062503     22379.766331     -5933.654892