-17341.065410      4935.264579     19416.226535
-16711.633764      3555.833787     20261.940862
-16109.444941      2101.873202     20951.593036
-15544.136274       584.628634     21480.019720
-15024.093720      -983.519672     21843.313459
-14556.311857     -2589.246942     22038.848322
-14146.279649     -4218.489697     22065.295219
-13797.893820     -5856.663877     21922.626906
-13513.401159     -7488.891441     21612.112821
-13293.370593     -9100.231545     21136.303934
-13136.695286    -10675.912335     20499.007915
-13040.624570    -12201.559419     19705.254955
-13000.824933    -13663.417186     18761.254665
-13011.468864    -15048.559297     17674.344505
-13065.349843    -16345.084888     16452.930274
-13154.021393    -17542.297282     15106.419200
-13267.957667    -18630.862360     13645.146223
-13396.732775    -19602.944051     12080.294077
-13529.215699    -20452.314857     10423.807809
-13653.777482    -21174.439693      8688.304375
-13758.507129    -21766.531806      6886.977978
-13831.432613    -22227.579988      5033.501805
-13860.743237    -22558.346750      3141.926840
-13835.009683    -22761.337614      1226.578413
-13743.398049    -22840.742110      -698.048836
-13575.874356    -22802.347552     -2617.396917
-13323.396116    -22653.427066     -4516.950710
-12978.087785    -22402.603755     -6382.343788
-12533.397194    -22059.693272     -8199.463180
-11984.230332    -21635.527412     -9954.552439
-11327.062207    -21141.761620    -11634.312362
-10560.021895    -20590.669594    -13225.998730
 -9682.950292    -19994.928356    -14717.516445
 -8697.429495    -19367.397336    -16097.509434
 -7606.783227    -18720.895123    -17355.445733
 -6416.048154    -18067.977568    -18481.697130
 -5131.916417    -17420.720968    -19467.612817
 -3762.650184    -16790.513940    -20305.586472
 -2317.969481    -16187.861524    -20989.116244
  -808.915007    -15622.204844    -21512.857129
   752.311938    -15101.759453    -21872.665270
  2352.529867    -14633.375158    -22065.633728
  3977.774970    -14222.419853    -22090.119354
  5613.513223    -13872.689421    -21945.760394
  7244.863234    -13586.345418    -21633.484558
  8856.826135    -13363.881743    -21155.507331
 10434.518644    -13204.121033    -20515.320366
 11963.405348    -13104.241006    -19717.669888
 13429.526211    -13059.830449    -18768.525115
 14819.715374    -13064.974047    -17675.036790
 16121.807413    -13112.364689    -16445.486007
 17324.827419    -13193.441430    -15089.223606
 18419.161501    -13298.550784    -13616.600513
 19396.704653    -13417.128582    -12038.889501
 20250.983296    -13537.899257    -10368.198916
 20977.250238    -13649.089043     -8617.379048
 21572.550296    -13738.649329     -6799.921876
 22035.755321    -13794.486167     -4929.855005
 22367.567952    -13804.691812     -3021.630710
 22570.493958    -13757.774117     -1090.011033
 22648.783632    -13642.879611       850.050055
 22608.343265    -13450.006186      2783.526359
 22456.618272    -13170.201528      4695.439967
 22202.450074    -12795.743651      6570.981454
 21855.909344    -12320.300223      8395.628686
 21428.108625    -11739.063790     10155.263149
 20930.997737    -11048.860422     11836.282746
 20377.145699    -10248.229815     13425.710046
 19779.513096     -9337.475404     14911.295030
 19151.219031     -8318.683619     16281.611452
 18505.306854     -7195.711954     17526.145973
 17854.512851     -5974.146118     18635.379361
 17211.042029     -4661.227093     19600.859104
 16586.354943     -3265.749452     20415.262890
 15990.969311     -1797.932819     21072.452516
 15434.279828      -269.268813     21567.517881
 14924.399290      1307.653767     21896.810828
 14468.023666      2919.342373     22057.968680
 14070.323359      4551.609344     22049.927455
 13734.862388      6189.792070     21872.924786
 13463.546714      7818.980846     21528.492698
 13256.602423      9424.250500     21019.440471
 13112.583950     10990.891818     20349.827865
 13028.412004     12504.638873     19524.929092
 12999.440353     13951.888426     18551.187950
 13019.550151     15319.907776     17436.164589
 13081.270019     16597.027648     16188.474451
 13175.919695     17772.816980     14817.719926
 13293.774693     18838.236817     13334.415317
 13424.249058     19785.770877     11749.905739
 13556.093070     20609.530752     10076.280584
 13677.602493     21305.334146      8326.282196
 13776.835824     21870.754989      6513.210419
 13841.835868     22305.144742      4650.823685
 13860.851938     22609.624655      2753.237312
 13822.558963     22787.049225       834.819676
 13716.269876     22841.941546     -1089.913066
 13532.137744     22780.401703     -3006.403047
 13261.344301     22609.989763     -4900.156876
 12896.271759     22339.585348     -6756.851303
 12430.655017     21979.226116     -8562.437688
 11859.711745     21539.927823    -10303.244642
 11180.248121     21033.488945    -11966.078191
 10390.738426     20472.283046    -13538.318832
  9491.377077     19869.042349    -15008.014860
  8484.102146     19236.636034    -16363.971339
  7372.589841     18587.846971    -17595.834120
  6162.219915     17935.150559    -18694.168318
  4860.012414     17290.499385    -19650.530664
  3474.536665     16665.117318    -20457.535188
  2015.793853     16069.306511    -21108.911690
   495.074979     15512.270636    -21599.556515
 -1075.203566     15001.957381    -21925.575141
 -2681.684227     14544.922988    -22084.316178
 -4310.269326     14146.221236    -22074.396367
 -5946.335640     13809.318891    -21895.716274
 -7574.959003     13536.039213    -21549.466380
 -9181.145152     13326.534642    -21038.123387
-10750.062958     13179.289300    -20365.436574
-12267.276057     13091.151418    -19536.404168
-13718.968903     13057.395289    -18557.239743
-15092.163309     13071.811819    -17435.328749
-16374.921705     13126.826238    -16179.175400
-17556.533483     13213.641012    -14798.340184
-18627.681129     13322.401574    -13303.368420
-19580.583129     13442.381997    -11705.710328
-20409.111056     13562.187414    -10017.633206
-21108.878675     13669.969598     -8252.126387
-21677.301411     13753.651903     -6422.799726
-22113.625040     13801.159521     -4543.776475
-22418.923022     13800.650931     -2629.581437
-22596.062488     13740.746333      -695.025381
-22649.639428     13610.748941      1244.913259
-22585.884237     13400.855068      3175.208344
-22412.539311     13102.349195      5080.906563
-22138.710877     12707.780434      6947.247440
-21774.697782     12211.117168      8759.781722
-21331.800310     11607.877039     10504.487073
-20822.112531     10895.229915     12167.880023
-20258.301948     10072.071983     13737.123173
-19653.380422      9139.069620     15200.126714
-19020.470534      8098.672298     16545.643372
-18372.571576      6955.094312     17763.355989
-17722.329360      5714.265710     18843.957020
-17081.813936      4383.753363     19779.219327