-17386.291543     15182.060426    -13290.711000
-17092.192453     14150.794741    -14726.497074
-16795.918043     13013.259494    -16050.477570
-16508.112996     11776.155064    -17252.551197
-16238.717247     10447.651433    -18323.527200
-15996.786360      9037.275053    -19255.195404
-15790.327672      7555.772929    -20040.389446
-15626.155027      6014.956121    -20673.042680
-15509.764602      4427.525154    -21148.236322
-15445.234036      2806.880187    -21462.239404
-15435.146630      1166.919037    -21612.540163
-15480.542042      -478.173616    -21597.868546
-15580.894398     -2114.142336    -21418.209561
-15734.118353     -3726.878758    -21074.807256
-15936.603078     -5302.637443    -20570.159191
-16183.273755     -6828.246126    -19908.001309
-16467.679611     -8291.306744    -19093.283217
-16782.107105     -9680.383808    -18132.133932
-17117.716414    -10985.176823    -17031.818246
-17464.698925    -12196.673778    -15800.683955
-17812.453095    -13307.282975    -14448.100239
-18149.775652    -14310.940862    -12984.387622
-18465.064844    -15203.193945    -11420.739978
-18746.532197    -15981.253272     -9769.139139
-18982.419065    -16644.020498     -8042.262777
-19161.214145    -17192.085002     -6253.386235
-19271.868098    -17627.692079     -4416.279132
-19304.001432    -17954.682720     -2545.097555
-19248.101929    -18178.406031      -654.272761
-19095.708043    -18305.605820      1241.602685
-18839.574956    -18344.283364      3127.890347
-18473.820289    -18303.538797      4990.021934
-17994.046789    -18193.393977      6813.614883
-17397.439787    -18024.599975      8584.586493
-16682.837614    -17808.432679     10289.265615
-15850.773700    -17556.480162     11914.500914
-14903.489575    -17280.425648     13447.764763
-13844.918518    -16991.829965     14877.251879
-12680.640137    -16701.917366     16191.971846
-11417.806696    -16421.368569     17381.834767
-10065.042491    -16160.124661     18437.729331
 -8632.318084    -15927.205346     19351.592671
 -7130.801620    -15730.544736     20116.471490
 -5572.689884    -15576.847527     20726.573994
 -3971.022067    -15471.468041     21177.312280
 -2339.479533    -15418.314204     21465.334920
  -692.175085    -15419.778034     21588.549568
   956.564598    -15476.693764     21546.135518
  2592.419596    -15588.324229     21338.546221
  4201.296655    -15752.375615     20967.501856
  5769.544619    -15965.040213     20435.972141
  7284.161750    -16221.066294     19748.149636
  8732.991437    -16513.853790     18909.413862
 10104.903072    -16835.574009     17926.286624
 11389.955077    -17177.311229     16806.378993
 12579.537472    -17529.223644     15558.330435
 13666.491662    -17880.720819     14191.740637
 14645.205584    -18220.654592     12717.094609
 15511.682730    -18537.520084     11145.681681
 16263.584040    -18819.663399      9489.509019
 16900.242104    -19055.492467      7761.210350
 17422.647561    -19233.687442      5973.950542
 17833.408065    -19343.407127      4141.326758
 18136.680608    -19374.487951      2277.266859
 18338.078451    -19317.632154       395.925770
 18444.554293    -19164.582056     -1488.419480
 18464.261714    -18908.277487     -3361.475366
 18406.397262    -18542.993753     -5209.037396
 18281.025859    -18064.457828     -7017.094887
 18098.892478    -17469.940823     -8771.934301
 17871.223256    -16758.325157    -10460.240453
 17609.519371    -15930.145283    -12069.194950
 17325.347148    -14987.601219    -13586.571191
 17030.127899    -13934.544616    -15000.825302
 16734.931025    -12776.437500    -16301.182391
 16450.273870    -11520.284290    -17477.717525
 16185.931683    -10174.538141    -18521.430851
 15950.760939     -8748.983052    -19424.316316
 15752.539011     -7254.593625    -20179.423468
 15597.822967     -5703.374698    -20780.911851
 15491.829929     -4108.183452    -21224.097535
 15438.341126     -2482.536870    -21505.491386
 15439.631339      -840.407714    -21622.828701
 15496.425056       803.987629    -21575.089901
 15607.880204      2436.405894    -21362.512019
 15771.599842      4042.794657    -20986.590787
 15983.671759      5609.507357    -20450.073190
 16238.735399      7123.511968    -19756.940416
 16530.075104      8572.589749    -18912.381216
 16849.738157      9945.520652    -17922.755762
 17188.675697     11232.252165    -16795.550163
 17536.904147     12424.048632    -15539.321888
 17883.684414     13513.618428    -14163.636432
 18217.715796     14495.216706    -12678.995642
 18527.341239     15364.721883    -11096.758188
 18800.760365     16119.684465     -9429.052780
 19026.246524     16759.347293     -7688.684772
 19192.364043     17284.636823     -5889.036887
 19288.181791     17698.125522     -4043.964863
 19303.479257     18003.966041     -2167.688879
 19228.941422     18207.798284      -274.681662
 19056.338924     18316.631017      1620.445764
 18778.690248     18338.700119      3503.059718
 18390.402993     18283.305998      5358.619867
 17887.391644     18160.633087      7172.794602
 17267.169705     17981.554660      8931.574765
 16528.914497     17757.426471     10621.384724
 15673.503438     17499.872929     12229.189841
 14703.521130     17220.569639     13742.599380
 13623.237109     16931.026230     15149.963982
 12438.554650     16642.373329     16440.466881
 11156.931539     16365.157497     17604.208083
  9787.274220     16109.147757     18632.280838
  8339.807218     15883.157134     19516.839796
  6825.920144     15694.882334     20251.160319
  5257.995021     15550.764346     20829.688531
  3649.216950     15455.872365     21248.081763
  2013.371472     15413.812993     21503.239147
   364.632163     15426.666232     21593.322220
 -1282.657864     15494.949268     21517.765462
 -2914.206743     15617.608587     21277.276813
 -4515.993164     15792.040413     20873.828278
 -6074.480461     16014.139015     20310.636806
 -7576.821863     16278.371912     19592.135729
 -9011.053473     16577.880549     18723.937088
-10366.271767     16904.604615     17712.785245
-11632.792708     17249.427752     16566.502258
-12802.289887     17602.342062     15293.925495
-13867.909491     17952.628540     13904.838072
-14824.360277     18289.050275     12409.892684
-15667.977201     18600.055100     10820.529445
-16396.757756     18873.984210      9148.888402
-17010.370563     19099.283199      7407.717365
-17510.136199     19264.711949      5610.275753
-17898.980708     19359.549826      3770.235139
-18181.362695     19373.792740      1901.577188
-18363.175323     19298.338781        18.489703
-18451.624925     19125.159311     -1864.738526
-18455.088343     18847.452674     -3733.823359
-18382.951431     18459.777949     -5574.590753
-18245.431441     17958.166502     -7373.081293
-18053.386319     17340.209469     -9115.653164
-17818.114077     16605.119679    -10789.082851
-17551.145639     15753.766933    -12380.662946
-17264.034600     14788.686019    -13878.296380