-17853.918327     17753.086388     -9033.425202
-17613.748316     17018.482015    -10699.177550
-17344.382087     16166.231586    -12284.560557
-17057.180920     15198.728991    -13777.421616
-16763.317907     14120.023437    -15166.229705
-16473.575709     12935.783426    -16440.166160
-16198.149929     11653.233805    -17589.212542
-15946.461484     10281.066464    -18604.234815
-15726.981305      8829.325674    -19477.063017
-15547.070583      7309.269529    -20200.565545
-15412.839605      5733.209394    -20768.717165
-15329.027970      4114.329723    -21176.659843
-15298.908708      2466.490998    -21420.755490
-15324.218414       804.018956    -21498.629755
-15405.115128      -858.516399    -21409.206016
-15540.165182     -2506.528206    -21152.728812
-15726.359742     -4125.642568    -20730.776044
-15959.161166     -5701.926608    -20146.259363
-16232.578776     -7222.110524    -19403.412326
-16539.272971     -8673.799424    -18507.766038
-16870.686074    -10045.670838    -17466.112168
-17217.197672    -11327.654015    -16286.453417
-17568.301709    -12511.087416    -14977.941709
-17912.802062    -13588.851205    -13550.804567
-18239.022911    -14555.472037    -12016.260329
-18535.029866    -15407.197970    -10386.423077
-18788.857544    -16142.041966     -8674.198271
-18988.739128    -16759.793064     -6893.170297
-19123.333387    -17261.995034     -5057.483241
-19181.944672    -17651.892975     -3181.716309
-19154.731573    -17934.349006     -1280.755400
-19032.900171    -18115.728857       630.337614
-18808.878165    -18203.761745      2536.456352
-18476.466586    -18207.376487      4422.580574
-18030.966326    -18136.517212      6273.904537
-17469.277243    -18001.942474      8075.961654
-16789.968202    -17815.011769      9814.744131
-15993.317045    -17587.463708     11476.816425
-15081.320063    -17331.190143     13049.421460
-14057.671184    -17058.010520     14520.578752
-12927.711658    -16779.450664     15879.173681
-11698.351555    -16506.529979     17115.037382
-10377.964902    -16249.560789     18219.016818
 -8976.260719    -16017.963241     19183.034819
 -7504.132568    -15820.098763     20000.139948
 -5973.489577    -15663.124710     20664.546224
 -4397.072099    -15552.872332     21171.662841
 -2788.255373    -15493.749752     21518.114105
 -1160.844631    -15488.671173     21701.749915
   471.134833    -15539.013046     21721.647151
  2093.649166    -15644.597476     21578.102417
  3692.865592    -15803.702708     21272.616591
  5255.356910    -16013.100093     20807.871666
  6768.297699    -16268.116551     20187.700380
  8219.649301    -16562.721200     19417.049114
  9598.330883    -16889.634453     18501.934553
 10894.374119    -17240.457639     17449.394550
 12099.059340    -17605.820894     16267.433650
 13205.031275    -17975.546895     14964.963663
 14206.392824    -18338.827794     13551.739697
 15098.775649    -18684.412560     12038.291975
 15879.386654    -19000.801850     10435.853797
 16547.029813    -19276.447407      8756.285923
 17102.103095    -19499.952986      7011.997692
 17546.570603    -19660.273759      5215.865126
 17883.910370    -19746.911190      3381.146302
 18119.038571    -19750.100424      1521.394246
 18258.211272    -19660.987317      -349.632381
 18308.905092    -19471.792363     -2218.060522
 18279.678539    -19175.958914     -4069.995580
 18180.015976    -18768.283288     -5891.615573
 18020.156546    -18245.024575     -7669.266206
 17810.910549    -17603.992199     -9389.556466
 17563.466065    -16844.609590    -11039.454272
 17289.188751    -15967.952624    -12606.381680
 16999.417984    -14976.761842    -14078.309064
 16705.262566    -13875.427839    -15443.847667
 16417.399375    -12669.949606    -16692.339823
 16145.878331    -11367.866032    -17813.946113
 15899.937061     -9978.161221    -18799.728672
 15687.828573     -8511.144713    -19641.729793
 15516.665129     -6978.308173    -20333.044975
 15392.281304     -5392.160539    -20867.889496
 15319.118990     -3766.044075    -21241.657620
 15300.136762     -2113.934181    -21450.973532
 15336.745664      -450.226187    -21493.733139
 15428.773034      1210.487299    -21369.135901
 15574.455493      2853.644646    -21077.705957
 15770.461701      4464.945004    -20621.301888
 16011.944900      6030.575468    -20003.114559
 16292.624685      7537.431347    -19227.652670
 16604.896844      8973.325359    -18300.715744
 16939.969502     10327.181662    -17229.354493
 17288.023238     11589.210892    -16021.818677
 17638.392309     12751.062698    -14687.492769
 17979.763617     13805.952676    -13236.819919
 18300.389671     14748.761082    -11681.214940
 18588.311404     15576.101314    -10032.967182
 18831.586541     16286.356725     -8305.134371
 19018.518993     16879.685017     -6511.428622
 19137.884781     17357.990149     -4666.095957
 19179.150010     17724.862384     -2783.790798
 19132.676644     17985.487740      -879.446925
 18989.912061     18146.528799      1031.853531
 18743.558763     18215.979374      2935.011502
 18387.721055     18202.996074      4815.041277
 17918.026024     18117.710235      6657.198197
 17331.716699     17971.024068      8447.102355
 16627.715901     17774.395083     10170.857037
 15806.659859     17539.613064     11815.160730
 14870.901353     17278.573885     13367.411714
 13824.482663     17003.054448     14815.804377
 12673.079268     16724.492903     16149.416554
 11423.915685     16453.778069     17358.287387
 10085.655394     16201.051758     18433.485308
  8668.267171     15975.527297     19367.165936
  7182.870535     15785.327203     20152.619811
  5641.563308     15637.342525     20784.310001
  4057.234498     15537.115890     21257.899740
  2443.365895     15488.749866     21570.270351
   813.825849     15494.841730     21719.529780
  -817.341274     15556.445306     21705.012134
 -2436.126474     15673.060031     21527.268661
 -4028.764955     15842.647019     21188.050637
 -5581.939136     16061.671425     20690.284654
 -7082.972756     16325.170064     20038.040793
 -8520.013170     16626.842865     19236.494174
 -9882.199190     16959.166408     18291.880356
-11159.812080     17313.527541     17211.445052
-12344.407594     17680.374778     16003.388568
-13428.927268     18049.385002     14676.805404
-14407.787450     18409.642799     13241.619359
-15276.944944     18749.829611     11708.514524
-16033.938389     19058.419792     10088.862457
-16677.904913     19323.880584      8394.645861
-17209.571881     19534.872967      6638.379048
-17631.223921     19680.450375      4833.025446
-17946.645736     19750.252254      2991.912426
-18161.041543     19734.689528      1128.643713
-18280.932303     19625.119127      -742.990358
-18314.032216     19414.004852     -2609.104447
-18269.106261     19095.062020     -4455.811369
-18155.810840     18663.383517     -6269.316467
-17984.519870     18115.545127     -8036.012836
-17766.138901     17449.688248     -9742.576967