-12204.345745     13147.782884     19733.036126
-13648.404748     13087.191406     18786.997701
-15018.323107     13075.696986     17698.703439
-16302.177209     13106.196021     16476.185952
-17489.167853     13170.344080     15128.513748
-18569.786371     13258.708786     13665.730602
-19535.960424     13360.942965     12098.786990
-20381.176897     13465.975313     10439.463863
-21100.579581     13562.215482      8700.289098
-21691.039793     13637.770198      6894.447068
-22151.198453     13680.666753      5035.681822
-22481.478659     13679.080049      3138.194504
-22684.068249     13621.559224      1216.535679
-22762.872414     13497.249827      -714.506648
-22723.436916     13296.107541     -2640.022462
-22572.843032     13009.099509     -4545.097672
-22319.575869     12628.389514     -6414.933557
-21973.368211     12147.503482     -8234.966634
-21545.022533     11561.472107     -9990.987847
-21046.214279     10866.947764    -11669.259923
-20489.279872     10062.293361    -13256.631726
-19886.993260      9147.641250    -14740.648445
-19252.335054      8124.920895    -16109.656466
-18598.258496      6997.854583    -17352.901825
-17937.456579      5771.921057    -18460.621176
-17282.134642      4454.287607    -19424.124310
-16643.792680      3053.711721    -20235.867331
-16033.021428      1580.414048    -20889.515715
-15459.316019        45.924943    -21379.996595
-14930.910668     -1537.092598    -21703.539750
-14454.637413     -3155.040352    -21857.706918
-14035.811488     -4793.598986    -21841.409195
-13678.145350     -6437.954932    -21654.912436
-13383.692832     -8073.035826    -21299.830706
-13152.824289     -9683.750205    -20779.108005
-12984.233024    -11255.227103    -20096.988575
-12874.972652    -12773.051215    -19258.976284
-12820.524505    -14223.489451    -18271.783628
-12814.893610    -15593.704895    -17143.271059
-12850.731255    -16871.954463    -15882.377380
-12919.481712    -18047.766933    -14499.042048
-13011.550246    -19112.098384    -13004.120255
-13116.489236    -20057.462573    -11409.291726
-13223.198906    -20878.034230     -9726.964167
-13320.139015    -21569.723796     -7970.172306
-13395.547673    -22130.222617     -6152.473488
-13437.663424    -22559.018172     -4287.840739
-13434.946713    -22857.379394     -2390.554204
-13376.296965    -23028.312674      -475.091820
-13251.261596    -23076.489610      1443.979947
-13050.233510    -23008.148010      3352.114537
-12764.633838    -22830.968064      5234.892163
-12387.077010    -22553.925987      7078.124454
-11911.515521    -22187.127760      8867.956239
-11333.362167    -21741.625836     10590.963911
-10649.587871    -21229.221981     12234.249842
 -9858.793634    -20662.259510     13785.532379
 -8961.255578    -20053.408379     15233.230991
 -7958.942440    -19415.446617     16566.546168
 -6855.505341    -18761.041631     17775.533710
 -5656.240039    -18102.534888     18851.173090
 -4368.022322    -17451.733396     19785.429580
 -2999.217580    -16819.711297     20571.309865
 -1559.565983    -16216.624715     21202.910887
   -60.045070    -15651.542789     21675.461683
  1487.288130    -15132.297597     21985.357986
  3069.472989    -14665.355373     22130.189392
  4672.836462    -14255.711102     22108.758890
  6283.196593    -13906.808264     21921.094586
  7886.075180    -13620.485072     21568.453459
  9466.916249    -13396.948201     21053.317008
 11011.306899    -13234.774553     20379.378684
 12505.196990    -13130.941193     19551.523018
 13935.114131    -13080.883139     18575.796390
 15288.370458    -13078.578246     17459.369434
 16553.257771    -13116.657983     16210.491110
 17719.227749    -13186.542469     14838.434533
 18777.054140    -13278.597697     13353.434703
 19718.974088    -13382.312502     11766.618348
 20538.806035    -13486.492439     10089.926171
 21232.042025    -13579.467405      8336.027856
 21795.912583    -13649.309568      6518.230282
 22229.422836    -13684.057904      4650.379484
 22533.358968    -13671.945481      2746.756960
 22710.264649    -13601.625500       821.971060
 22764.387568    -13462.392071     -1109.155781
 22701.596774    -13244.391715     -3031.703057
 22529.272015    -12938.821691     -4930.770525
 22256.166873    -12538.111431     -6791.597817
 21892.247908    -12036.083618     -8599.684270
 21448.512584    -11428.091765    -10340.907831
 20936.789132    -10711.131581    -12001.641892
 20369.521896     -9883.923827    -13568.868891
 19759.546028     -8946.966935    -15030.289502
 19119.855634     -7902.558185    -16374.426287
 18463.369619     -6754.782840    -17590.720696
 17802.699579     -5509.471280    -18669.622392
 17149.924039     -4174.124754    -19602.669920
 16516.373256     -2757.811013    -20382.561881
 15912.428598     -1271.031665    -21003.217832
 15347.340230       274.436344    -21459.828302
 14829.066476      1865.722237    -21748.893420
 14364.137823      3489.062535    -21868.249805
 13957.547994      5130.018121    -21817.085514
 13612.674034      6773.703201    -21595.942990
 13331.226746      8405.021970    -21206.710098
 13113.232227     10008.908649    -20652.599477
 12957.044663     11570.566514    -19938.116580
 12859.389925     13075.701639    -19069.016875
 12815.438950     14510.747195    -18052.252821
 12818.909331     15863.074358    -16895.911301
 12862.193028     17121.186227    -15609.142289
 12936.507692     18274.891451    -14202.079608
 13032.068644     19315.454738    -12685.754650
 13138.278267     20235.721845    -11072.004002
 13243.929286     21030.217137     -9373.371914
 13337.418228     21695.212348     -7603.008563
 13406.965217     22228.765677     -5774.565051
 13440.836247     22630.730868     -3902.086068
 13427.564057     22902.736490     -1999.901102
 13356.163851     23048.136053       -82.515064
 13216.340235     23071.930163      1835.500874
 12998.681944     22980.662274      3739.617443
 12694.841205     22782.290064      5615.453748
 12297.694856     22486.034784      7448.881374
 11801.484680     22102.211274      9226.125514
 11201.934792     21642.041578     10933.862565
 10496.344281     21117.455338     12559.313683
  9683.653734     20540.880295     14090.333814
  8764.484682     19925.026345     15515.495804
  7741.151436     19282.666651     16824.169173
  6617.645196     18626.419369     18006.593227
  5399.590748     17968.533430     19053.944161
  4094.176487     17320.681834     19958.395881
  2710.058872     16693.765697     20713.174250
  1257.242830     16097.732177     21312.604522
  -253.060024     15541.409156     21752.151712
 -1808.593149     15032.359333     22028.453704
 -3396.234331     14576.756055     22139.346859
 -5002.189628     14179.282926     22083.883972
 -6612.199017     13843.058863     21862.344376
 -8211.750515     13569.589889     21476.236049
 -9786.299423     13358.748559     20928.289590
-11321.489227     13208.781485     20222.443963
-12803.370609     13116.345008     19363.823913