-18700.848940    -10708.364967     15872.865525
-17475.130309    -10852.101677     17122.785436
-16166.858027    -11046.333984     18244.627659
-14787.967318    -11296.671996     19229.977012
-13351.201127    -11607.317623     20071.412208
-11869.917962    -11980.977625     20762.559049
-10357.890066    -12418.801870     21298.137186
 -8829.095055    -12920.347871     21674.000173
 -7297.504262    -13483.572313     21887.168489
 -5776.871098    -14104.849829     21935.855288
 -4280.522795    -14779.018934     21819.484565
 -2821.158832    -15499.454555     21538.701505
 -1410.659329    -16258.166204     21095.374759
   -59.906547    -17045.920433     20492.590436
  1221.377526    -17852.385792     19734.637618
  2424.774713    -18666.298130     18826.985238
  3543.292811    -19475.643726     17776.250240
  4571.464155    -20267.857377     16590.156935
  5505.418742    -21030.032299     15277.487591
  6342.930429    -21749.138420     13848.024326
  7083.435178    -22412.245440     12312.482463
  7728.020767    -23006.746881     10682.435602
  8279.387865    -23520.581261      8970.232752
  8741.782885    -23942.446496      7188.907960
  9120.903524    -24262.003666      5352.082988
  9423.778417    -24470.066429      3473.863681
  9658.622819    -24558.772522      1568.730794
  9834.672711    -24521.734072      -348.573885
  9962.000176    -24354.163773     -2263.165152
 10051.313250    -24052.974394     -4160.134709
 10113.743848    -23616.849521     -6024.673086
 10160.627594    -23046.284001     -7842.191983
 10203.279614    -22343.593067     -9598.445823
 10252.770467    -21512.889751    -11279.651255
 10319.706431    -20560.030796    -12872.603380
 10414.018297    -19492.531871    -14364.787439
 10544.762702    -18319.453549    -15744.484784
 10719.939800    -17051.260036    -17000.871972
 10946.330757    -15699.653228    -18124.111923
 11229.358169    -14277.385128    -19105.436175
 11572.972065    -12798.052124    -19937.217372
 11979.563624    -11275.874937    -20613.031264
 12449.908203     -9725.468363    -21127.707625
 12983.138679     -8161.605070    -21477.369658
 13576.749501     -6598.977850    -21659.461579
 14226.631265     -5051.964672    -21672.764272
 14927.135004     -3534.400829    -21517.399007
 15671.164850     -2059.362269    -21194.819399
 16450.297171      -638.963925    -20707.791899
 17254.923828       715.823429    -20060.365254
 18074.416750      1995.334729    -19257.829461
 18897.310694      3191.347922    -18306.664862
 19711.500752      4297.194847    -17214.482103
 20504.450949      5307.844080    -15989.953728
 21263.410165      6219.954629    -14642.738264
 21975.631507      7031.899911    -13183.397649
 22628.591311      7743.762001    -11623.308900
 23210.203980      8357.296621     -9974.570906
 23709.029056      8875.869868     -8249.907248
 24114.467068      9304.368122     -6462.565877
 24416.940999      9649.082995     -4626.216535
 24608.060464      9917.573569     -2754.846669
 24680.766057     10118.508500      -862.656650
 24629.451667     10261.490836      1036.045022
 24450.062954     10356.868638      2926.945838
 24140.170581     10415.534654      4795.832100
 23699.017218     10448.718420      6628.689863
 23127.537730     10467.774246      8411.803469
 22428.352402     10483.968536     10131.851164
 21605.733447     10508.269896     11775.997353
 20665.545455     10551.145360     13331.981066
 19615.160803     10622.365999     14788.200226
 18463.351448     10730.824962     16133.791372
 17220.158823     10884.370826     17358.704457
 15896.743905     11089.658896     18453.772415
 14505.219804     11352.022790     19410.775147
 13058.469461     11675.368397     20222.497639
 11569.951298     12062.091904     20882.781881
 10053.495811     12513.023289     21386.572309
  8523.096279     13027.396272     21729.954468
  6992.696843     13602.845329     21910.186593
  5475.981280     14235.429987     21925.723859
  3986.165835     14919.686178     21776.235000
  2535.799394     15648.704045     21462.611049
  1136.574286     16414.231140     20986.965972
  -200.849209     17206.799583     20352.628969
 -1467.001667     18015.875313     19564.128262
 -2653.743940     18830.027202     18627.166237
 -3754.384714     19637.113453     17548.585826
 -4763.774073     20424.482332     16336.328110
 -5678.371285     21179.184047     14999.381149
 -6496.285424     21888.190306     13547.720139
 -7217.287884     22538.617875     11992.239088
 -7842.796290     23117.952370     10344.674261
 -8375.829832     23614.268372      8617.519760
 -8820.936505     24016.441988      6823.935718
 -9184.093293     24314.352017      4977.649645
 -9472.580804     24499.066021      3092.851626
 -9694.834394     24563.007804      1184.084125
 -9860.274249     24500.103075      -733.872718
 -9979.117347     24305.900430     -2646.119332
-10062.174608     23977.665199     -4537.757457
-10120.636867     23514.444185     -6394.012239
-10165.853557     22917.099842     -8200.354516
-10209.108193     22188.313010     -9942.622058
-10261.394844     21332.553935    -11607.138511
-10333.199804     20356.021889    -13180.828814
-10434.292601     19266.554358    -14651.329829
-10573.530339     18073.507332    -16007.095024
-10758.679096     16787.608829    -17237.492050
-10996.255817     15420.788325    -18332.892192
-11291.393703     13985.985218    -19284.750720
-11647.733652     12496.939889    -20085.677331
-12067.343794     10967.971256    -20729.495957
-12550.668574      9413.744963    -21211.293413
-13096.508291      7849.036515    -21527.456430
-13702.029345      6288.493743    -21675.696865
-14362.804900      4746.402949    -21655.064938
-15072.885033      3236.462989    -21465.950579
-15824.894913      1771.571333    -21110.073051
-16610.159014       363.625870    -20590.459191
-17418.848919      -976.654120    -19911.410707
-18240.151834     -2239.884811    -19078.461100
-19062.456610     -3418.149957    -18098.322870
-19873.553793     -4505.106228    -16978.825716
-20660.846014     -5496.060239    -15728.846570
-21411.564914     -6388.016271    -14358.232258
-22112.990762     -7179.694229    -12877.715709
-22752.670905     -7871.517930    -11298.826573
-23318.633339     -8465.574285     -9633.797139
-23799.591772     -8965.544484     -7895.464458
-24185.138825     -9376.608694     -6097.169506
-24465.924225     -9705.326234     -4252.654230
-24633.815177     -9959.493527     -2375.957273
-24682.036423    -10147.982473      -481.309123
-24605.287873    -10280.562147      1416.972591
-24399.838088    -10367.706938      3304.587007
-24063.592278    -10420.394419      5167.352522
-23596.133919    -10449.896342      6991.307288
-22998.739495    -10467.566201      8762.807202
-22274.366293    -10484.626850     10468.620880
-21427.613580    -10511.961572     12096.021186
-20464.657899    -10559.911949     13632.872885
-19393.163582    -10638.085737     15067.716028
-18222.169968    -10755.177778     16389.844710