  0.0000000e+000  1.3486130e+006  4.7031724e+006  4.0779856e+006
  1.0000000e+000  1.3504937e+006  4.7033494e+006  4.0785920e+006
  2.0000000e+000  1.3523723e+006  4.7035190e+006  4.0791922e+006
  3.0000000e+000  1.3542489e+006  4.7036810e+006  4.0797861e+006
  4.0000000e+000  1.3561234e+006  4.7038356e+006  4.0803737e+006
  5.0000000e+000  1.3579959e+006  4.7039826e+006  4.0809551e+006
  6.0000000e+000  1.3598663e+006  4.7041222e+006  4.0815301e+006
  7.0000000e+000  1.3617346e+006  4.7042543e+006  4.0820989e+006
  8.0000000e+000  1.3636009e+006  4.7043789e+006  4.0826614e+006
  9.0000000e+000  1.3654651e+006  4.7044960e+006  4.0832176e+006
  1.0000000e+001  1.3673272e+006  4.7046056e+006  4.0837675e+006
  1.1000000e+001  1.3691872e+006  4.7047078e+006  4.0843112e+006
  1.2000000e+001  1.3710452e+006  4.7048025e+006  4.0848486e+006
  1.3000000e+001  1.3729011e+006  4.7048897e+006  4.0853797e+006
  1.4000000e+001  1.3747549e+006  4.7049695e+006  4.0859045e+006
  1.5000000e+001  1.3766066e+006  4.7050418e+006  4.0864231e+006
  1.6000000e+001  1.3784562e+006  4.7051066e+006  4.0869354e+006
  1.7000000e+001  1.3803037e+006  4.7051640e+006  4.0874415e+006
  1.8000000e+001  1.3821491e+006  4.7052139e+006  4.0879413e+006
  1.9000000e+001  1.3839924e+006  4.7052564e+006  4.0884348e+006
  2.0000000e+001  1.3858336e+006  4.7052914e+006  4.0889221e+006
  2.1000000e+001  1.3876727e+006  4.7053190e+006  4.0894031e+006
  2.2000000e+001  1.3895097e+006  4.7053391e+006  4.0898778e+006
  2.3000000e+001  1.3913445e+006  4.7053518e+006  4.0903463e+006
  2.4000000e+001  1.3931773e+006  4.7053571e+006  4.0908086e+006
  2.5000000e+001  1.3950079e+006  4.7053549e+006  4.0912645e+006
  2.6000000e+001  1.3968364e+006  4.7053453e+006  4.0917143e+006
  2.7000000e+001  1.3986628e+006  4.7053283e+006  4.0921578e+006
  2.8000000e+001  1.4004870e+006  4.7053038e+006  4.0925950e+006
  2.9000000e+001  1.4023091e+006  4.7052720e+006  4.0930260e+006
  3.0000000e+001  1.4041291e+006  4.7052326e+006  4.0934507e+006
  3.1000000e+001  1.4059469e+006  4.7051859e+006  4.0938692e+006
  3.2000000e+001  1.4077626e+006  4.7051318e+006  4.0942815e+006
  3.3000000e+001  1.4095761e+006  4.7050702e+006  4.0946875e+006
  3.4000000e+001  1.4113875e+006  4.7050013e+006  4.0950873e+006
  3.5000000e+001  1.4131967e+006  4.7049249e+006  4.0954808e+006
  3.6000000e+001  1.4150038e+006  4.7048411e+006  4.0958681e+006
  3.7000000e+001  1.4168087e+006  4.7047499e+006  4.0962491e+006
  3.8000000e+001  1.4186114e+006  4.7046513e+006  4.0966239e+006
  3.9000000e+001  1.4204120e+006  4.7045453e+006  4.0969925e+006
  4.0000000e+001  1.4222104e+006  4.7044319e+006  4.0973548e+006
  4.1000000e+001  1.4240067e+006  4.7043112e+006  4.0977109e+006
  4.2000000e+001  1.4258007e+006  4.7041830e+006  4.0980608e+006
  4.3000000e+001  1.4275926e+006  4.7040474e+006  4.0984045e+006
  4.4000000e+001  1.4293823e+006  4.7039045e+006  4.0987419e+006
  4.5000000e+001  1.4311698e+006  4.7037541e+006  4.0990730e+006
  4.6000000e+001  1.4329551e+006  4.7035964e+006  4.0993980e+006
  4.7000000e+001  1.4347383e+006  4.7034313e+006  4.0997167e+006
  4.8000000e+001  1.4365192e+006  4.7032588e+006  4.1000292e+006
  4.9000000e+001  1.4382979e+006  4.7030790e+006  4.1003355e+006
  5.0000000e+001  1.4400744e+006  4.7028917e+006  4.1006355e+006
  5.1000000e+001  1.4418488e+006  4.7026971e+006  4.1009293e+006
  5.2000000e+001  1.4436209e+006  4.7024952e+006  4.1012169e+006
  5.3000000e+001  1.4453908e+006  4.7022858e+006  4.1014983e+006
  5.4000000e+001  1.4471585e+006  4.7020691e+006  4.1017734e+006
  5.5000000e+001  1.4489239e+006  4.7018450e+006  4.1020424e+006
  5.6000000e+001  1.4506872e+006  4.7016136e+006  4.1023051e+006
  5.7000000e+001  1.4524482e+006  4.7013748e+006  4.1025616e+006
  5.8000000e+001  1.4542070e+006  4.7011286e+006  4.1028118e+006
  5.9000000e+001  1.4559635e+006  4.7008751e+006  4.1030559e+006
  6.0000000e+001  1.4577178e+006  4.7006142e+006  4.1032937e+006
  6.1000000e+001  1.4594699e+006  4.7003460e+006  4.1035253e+006
  6.2000000e+001  1.4612197e+006  4.7000704e+006  4.1037507e+006
  6.3000000e+001  1.4629673e+006  4.6997875e+006  4.1039699e+006
  6.4000000e+001  1.4647127e+006  4.6994973e+006  4.1041829e+006
  6.5000000e+001  1.4664558e+006  4.6991996e+006  4.1043896e+006
  6.6000000e+001  1.4681966e+006  4.6988947e+006  4.1045902e+006
  6.7000000e+001  1.4699352e+006  4.6985824e+006  4.1047845e+006
  6.8000000e+001  1.4716715e+006  4.6982627e+006  4.1049726e+006
  6.9000000e+001  1.4734055e+006  4.6979358e+006  4.1051545e+006
  7.0000000e+001  1.4751373e+006  4.6976015e+006  4.1053302e+006
  7.1000000e+001  1.4768668e+006  4.6972598e+006  4.1054997e+006
  7.2000000e+001  1.4785940e+006  4.6969108e+006  4.1056629e+006
  7.3000000e+001  1.4803189e+006  4.6965545e+006  4.1058200e+006
  7.4000000e+001  1.4820416e+006  4.6961909e+006  4.1059708e+006
  7.5000000e+001  1.4837620e+006  4.6958199e+006  4.1061155e+006
  7.6000000e+001  1.4854800e+006  4.6954416e+006  4.1062539e+006
  7.7000000e+001  1.4871958e+006  4.6950560e+006  4.1063861e+006
  7.8000000e+001  1.4889093e+006  4.6946630e+006  4.1065122e+006
  7.9000000e+001  1.4906205e+006  4.6942628e+006  4.1066320e+006
  8.0000000e+001  1.4923294e+006  4.6938552e+006  4.1067456e+006
  8.1000000e+001  1.4940360e+006  4.6934403e+006  4.1068529e+006
  8.2000000e+001  1.4957402e+006  4.6930181e+006  4.1069541e+006
  8.3000000e+001  1.4974422e+006  4.6925885e+006  4.1070491e+006
  8.4000000e+001  1.4991418e+006  4.6921517e+006  4.1071379e+006
  8.5000000e+001  1.5008391e+006  4.6917075e+006  4.1072204e+006
  8.6000000e+001  1.5025341e+006  4.6912561e+006  4.1072968e+006
  8.7000000e+001  1.5042268e+006  4.6907973e+006  4.1073670e+006
  8.8000000e+001  1.5059171e+006  4.6903312e+006  4.1074309e+006
  8.9000000e+001  1.5076051e+006  4.6898578e+006  4.1074887e+006
  9.0000000e+001  1.5092907e+006  4.6893771e+006  4.1075402e+006
  9.1000000e+001  1.5109741e+006  4.6888891e+006  4.1075855e+006
  9.2000000e+001  1.5126550e+006  4.6883938e+006  4.1076247e+006
  9.3000000e+001  1.5143336e+006  4.6878911e+006  4.1076576e+006
  9.4000000e+001  1.5160099e+006  4.6873812e+006  4.1076843e+006
  9.5000000e+001  1.5176838e+006  4.6868640e+006  4.1077048e+006
  9.6000000e+001  1.5193553e+006  4.6863395e+006  4.1077191e+006
  9.7000000e+001  1.5210245e+006  4.6858077e+006  4.1077273e+006
  9.8000000e+001  1.5226913e+006  4.6852686e+006  4.1077292e+006
  9.9000000e+001  1.5243558e+006  4.6847222e+006  4.1077249e+006
  1.0000000e+002  1.5260178e+006  4.6841685e+006  4.1077144e+006
  1.0100000e+002  1.5276775e+006  4.6836075e+006  4.1076977e+006
  1.0200000e+002  1.5293348e+006  4.6830392e+006  4.1076747e+006
  1.0300000e+002  1.5309898e+006  4.6824637e+006  4.1076456e+006
  1.0400000e+002  1.5326423e+006  4.6818808e+006  4.1076103e+006
  1.0500000e+002  1.5342924e+006  4.6812907e+006  4.1075688e+006
  1.0600000e+002  1.5359402e+006  4.6806933e+006  4.1075211e+006
  1.0700000e+002  1.5375855e+006  4.6800885e+006  4.1074671e+006
  1.0800000e+002  1.5392285e+006  4.6794765e+006  4.1074070e+006
  1.0900000e+002  1.5408690e+006  4.6788573e+006  4.1073406e+006
  1.1000000e+002  1.5425071e+006  4.6782307e+006  4.1072681e+006
  1.1100000e+002  1.5441428e+006  4.6775968e+006  4.1071893e+006
  1.1200000e+002  1.5457761e+006  4.6769557e+006  4.1071044e+006
  1.1300000e+002  1.5474070e+006  4.6763073e+006  4.1070132e+006
  1.1400000e+002  1.5490355e+006  4.6756516e+006  4.1069158e+006
  1.1500000e+002  1.5506615e+006  4.6749887e+006  4.1068123e+006
  1.1600000e+002  1.5522851e+006  4.6743184e+006  4.1067025e+006
  1.1700000e+002  1.5539062e+006  4.6736409e+006  4.1065865e+006
  1.1800000e+002  1.5555249e+006  4.6729561e+006  4.1064643e+006
  1.1900000e+002  1.5571412e+006  4.6722640e+006  4.1063359e+006
  1.2000000e+002  1.5587550e+006  4.6715647e+006  4.1062012e+006
  1.2100000e+002  1.5603664e+006  4.6708581e+006  4.1060604e+006
  1.2200000e+002  1.5619753e+006  4.6701442e+006  4.1059134e+006
  1.2300000e+002  1.5635817e+006  4.6694230e+006  4.1057601e+006
  1.2400000e+002  1.5651857e+006  4.6686946e+006  4.1056007e+006
  1.2500000e+002  1.5667873e+006  4.6679588e+006  4.1054350e+006
  1.2600000e+002  1.5683863e+006  4.6672159e+006  4.1052632e+006
  1.2700000e+002  1.5699829e+006  4.6664656e+006  4.1050851e+006
  1.2800000e+002  1.5715770e+006  4.6657081e+006  4.1049008e+006
  1.2900000e+002  1.5731686e+006  4.6649433e+006  4.1047103e+006
  1.3000000e+002  1.5747578e+006  4.6641713e+006  4.1045135e+006
  1.3100000e+002  1.5763444e+006  4.6633919e+006  4.1043106e+006
  1.3200000e+002  1.5779286e+006  4.6626053e+006  4.1041015e+006
  1.3300000e+002  1.5795102e+006  4.6618115e+006  4.1038861e+006
  1.3400000e+002  1.5810894e+006  4.6610104e+006  4.1036645e+006
  1.3500000e+002  1.5826660e+006  4.6602020e+006  4.1034367e+006
  1.3600000e+002  1.5842402e+006  4.6593863e+006  4.1032027e+006
  1.3700000e+002  1.5858118e+006  4.6585634e+006  4.1029625e+006
  1.3800000e+002  1.5873810e+006  4.6577332e+006  4.1027160e+006
  1.3900000e+002  1.5889476e+006  4.6568958e+006  4.1024634e+006
  1.4000000e+002  1.5905116e+006  4.6560511e+006  4.1022045e+006
  1.4100000e+002  1.5920732e+006  4.6551991e+006  4.1019394e+006
  1.4200000e+002  1.5936322e+006  4.6543399e+006  4.1016680e+006
  1.4300000e+002  1.5951887e+006  4.6534734e+006  4.1013905e+006
  1.4400000e+002  1.5967426e+006  4.6525996e+006  4.1011067e+006
  1.4500000e+002  1.5982941e+006  4.6517186e+006  4.1008167e+006
  1.4600000e+002  1.5998429e+006  4.6508303e+006  4.1005205e+006
  1.4700000e+002  1.6013892e+006  4.6499348e+006  4.1002181e+006
  1.4800000e+002  1.6029330e+006  4.6490320e+006  4.0999094e+006
  1.4900000e+002  1.6044742e+006  4.6481219e+006  4.0995945e+006
  1.5000000e+002  1.6060128e+006  4.6472046e+006  4.0992734e+006
  1.5100000e+002  1.6075489e+006  4.6462800e+006  4.0989460e+006
  1.5200000e+002  1.6090824e+006  4.6453482e+006  4.0986124e+006
  1.5300000e+002  1.6106133e+006  4.6444090e+006  4.0982726e+006
  1.5400000e+002  1.6121417e+006  4.6434627e+006  4.0979266e+006
  1.5500000e+002  1.6136674e+006  4.6425091e+006  4.0975743e+006
  1.5600000e+002  1.6151906e+006  4.6415482e+006  4.0972158e+006
  1.5700000e+002  1.6167112e+006  4.6405800e+006  4.0968511e+006
  1.5800000e+002  1.6182292e+006  4.6396046e+006  4.0964801e+006
  1.5900000e+002  1.6197446e+006  4.6386219e+006  4.0961029e+006
  1.6000000e+002  1.6212574e+006  4.6376320e+006  4.0957194e+006
  1.6100000e+002  1.6227676e+006  4.6366348e+006  4.0953297e+006
  1.6200000e+002  1.6242752e+006  4.6356304e+006  4.0949338e+006
  1.6300000e+002  1.6257801e+006  4.6346187e+006  4.0945316e+006
  1.6400000e+002  1.6272825e+006  4.6335997e+006  4.0941232e+006
  1.6500000e+002  1.6287822e+006  4.6325735e+006  4.0937085e+006
  1.6600000e+002  1.6302793e+006  4.6315400e+006  4.0932876e+006
  1.6700000e+002  1.6317738e+006  4.6304992e+006  4.0928605e+006
  1.6800000e+002  1.6332656e+006  4.6294512e+006  4.0924271e+006
  1.6900000e+002  1.6347548e+006  4.6283959e+006  4.0919874e+006
  1.7000000e+002  1.6362414e+006  4.6273334e+006  4.0915415e+006
  1.7100000e+002  1.6377253e+006  4.6262636e+006  4.0910894e+006
  1.7200000e+002  1.6392065e+006  4.6251866e+006  4.0906310e+006
  1.7300000e+002  1.6406851e+006  4.6241022e+006  4.0901663e+006
  1.7400000e+002  1.6421611e+006  4.6230107e+006  4.0896954e+006
  1.7500000e+002  1.6436344e+006  4.6219118e+006  4.0892183e+006
  1.7600000e+002  1.6451050e+006  4.6208057e+006  4.0887348e+006
  1.7700000e+002  1.6465729e+006  4.6196923e+006  4.0882452e+006
  1.7800000e+002  1.6480382e+006  4.6185717e+006  4.0877492e+006
  1.7900000e+002  1.6495008e+006  4.6174438e+006  4.0872470e+006
  1.8000000e+002  1.6509607e+006  4.6163086e+006  4.0867385e+006
  1.8100000e+002  1.6524179e+006  4.6151662e+006  4.0862238e+006
  1.8200000e+002  1.6538724e+006  4.6140165e+006  4.0857028e+006
  1.8300000e+002  1.6553242e+006  4.6128595e+006  4.0851755e+006
  1.8400000e+002  1.6567734e+006  4.6116953e+006  4.0846420e+006
  1.8500000e+002  1.6582198e+006  4.6105238e+006  4.0841022e+006
  1.8600000e+002  1.6596635e+006  4.6093451e+006  4.0835561e+006
  1.8700000e+002  1.6611045e+006  4.6081590e+006  4.0830038e+006
  1.8800000e+002  1.6625428e+006  4.6069657e+006  4.0824451e+006
  1.8900000e+002  1.6639783e+006  4.6057652e+006  4.0818802e+006
  1.9000000e+002  1.6654111e+006  4.6045573e+006  4.0813090e+006
  1.9100000e+002  1.6668412e+006  4.6033422e+006  4.0807316e+006
  1.9200000e+002  1.6682686e+006  4.6021198e+006  4.0801478e+006
  1.9300000e+002  1.6696932e+006  4.6008902e+006  4.0795578e+006
  1.9400000e+002  1.6711151e+006  4.5996533e+006  4.0789614e+006
  1.9500000e+002  1.6725342e+006  4.5984091e+006  4.0783588e+006
  1.9561423e+002  1.6734046e+006  4.5976412e+006  4.0779856e+006
